num    x   y   fwhm
1 41.5167252029 -8.25836432465 0
2 35.189858366 -23.5133735551 0
3 23.5111729058 -35.1866580062 0
4 8.25615344926 -41.5072155837 0
5 -8.25615353295 -41.5072159619 0
6 -23.5111729058 -35.1866580062 0
7 -35.189858366 -23.5133735551 0
8 -41.5167418714 -8.25826718487 0
9 -41.51672669 8.25836457981 0
10 -35.189858366 23.5133735551 0
11 -23.5111729058 35.1866580062 0
12 -8.25615353295 41.5072159619 0
13 8.25615344926 41.5072155837 0
14 23.5111729058 35.1866580062 0
15 35.189858366 23.5133735551 0
16 41.51672669 8.25836457981 0
