spec
HbO
deoxyHb
Water
S-Amplitude
S-Power
0.00973482 0.00981574 0.400252 0.982638 1.00037
0.00973482 0.00981574 0.400252 0.982638 1.00037
0.00970596 0.00979593 0.397466 0.99913 1.00578
0.00970086 0.00977184 0.393971 1.02015 1.01461
0.00972019 0.0097553 0.391684 1.0341 1.02663
0.00981514 0.00983066 0.393818 1.03248 1.02922
0.00991748 0.00991312 0.397052 1.02664 1.0259
0.00991748 0.00991312 0.397052 1.02664 1.0259
0.00983603 0.0102161 0.411912 0.962202 1.01313
0.00972533 0.0100655 0.410171 1.00561 1.03555
0.00972533 0.0100655 0.410171 1.00561 1.03555
0.00972533 0.0100655 0.410171 1.00561 1.03555
0.00973482 0.00981574 0.400252 0.982638 1.00037
0.00973482 0.00981574 0.400252 0.982638 1.00037
0.00970596 0.00979593 0.397466 0.99913 1.00578
0.00972019 0.0097553 0.391684 1.0341 1.02663
0.00981514 0.00983066 0.393818 1.03248 1.02922
0.00991748 0.00991312 0.397052 1.02664 1.0259
0.00991748 0.00991312 0.397052 1.02664 1.0259
0.0100959 0.00991732 0.399948 0.975939 0.96264
0.0100959 0.00991732 0.399948 0.975939 0.96264
0.0100959 0.00991732 0.399948 0.975939 0.96264
0.0101076 0.00993092 0.399664 0.988521 0.959786
0.0098282 0.0101079 0.419309 1.01354 1.02414
0.00986733 0.0102586 0.415635 0.962173 1.0116
0.00983603 0.0102161 0.411912 0.962202 1.01313
0.00983603 0.0102161 0.411912 0.962202 1.01313
0.00972533 0.0100655 0.410171 1.00561 1.03555
0.00972533 0.0100655 0.410171 1.00561 1.03555
0.00973482 0.00981574 0.400252 0.982638 1.00037
0.00973482 0.00981574 0.400252 0.982638 1.00037
0.00970596 0.00979593 0.397466 0.99913 1.00578
0.00970086 0.00977184 0.393971 1.02015 1.01461
0.00972019 0.0097553 0.391684 1.0341 1.02663
0.00981514 0.00983066 0.393818 1.03248 1.02922
0.00991748 0.00991312 0.397052 1.02664 1.0259
0.00991748 0.00991312 0.397052 1.02664 1.0259
0.0100959 0.00991732 0.399948 0.975939 0.96264
0.0100959 0.00991732 0.399948 0.975939 0.96264
0.0101076 0.00993092 0.399664 0.988521 0.959786
0.0101076 0.00993092 0.399664 0.988521 0.959786
0.0100224 0.00994423 0.397172 1.00391 0.964842
0.00990895 0.00994256 0.393272 1.03908 0.967094
0.00981168 0.0100305 0.417022 1.07516 1.04172
0.00981168 0.0100305 0.417022 1.07516 1.04172
0.0098333 0.0102531 0.420606 0.93448 1.00875
0.00986733 0.0102586 0.415635 0.962173 1.0116
0.00983144 0.0103126 0.417916 0.957364 1.01819
0.00972277 0.0102052 0.41834 0.996642 1.03972
0.00958363 0.00998386 0.415964 1.00959 1.04542
0.00953709 0.00975419 0.408622 0.985445 1.0236
0.00949556 0.00964778 0.40057 0.96758 1.00447
0.00950326 0.00965378 0.398083 0.975522 1.00201
0.0095325 0.00961865 0.392108 1.00892 1.00984
0.00958253 0.00961085 0.389662 1.02436 1.01811
0.00968739 0.00966534 0.390698 1.0222 1.02125
0.00978002 0.00976768 0.391431 1.02111 1.02846
0.00986769 0.00980031 0.392646 1.00919 1.01478
0.0100128 0.00984996 0.395502 0.997264 0.983437
0.0101227 0.00993328 0.398192 0.989882 0.960561
0.0101405 0.00996695 0.398665 0.992666 0.953024
0.0101017 0.0100274 0.398528 0.994278 0.957432
0.0100224 0.00994423 0.397172 1.00391 0.964842
0.00997234 0.0100169 0.395135 0.996405 0.959906
0.00992658 0.00994825 0.394363 1.05442 0.973578
0.00992658 0.00994825 0.394363 1.05442 0.973578
0.00969222 0.00979897 0.416602 1.10656 1.05889
0.00981168 0.0100305 0.417022 1.07516 1.04172
0.00981168 0.0100305 0.417022 1.07516 1.04172
0.0098282 0.0101079 0.419309 1.01354 1.02414
0.0098333 0.0102531 0.420606 0.93448 1.00875
0.0098155 0.0103716 0.425897 0.94886 1.0204
0.00973552 0.0103436 0.428292 0.980929 1.0384
0.00957475 0.0101359 0.427822 1.00405 1.05206
0.00948176 0.00992497 0.421011 0.999959 1.04172
0.0094165 0.00971083 0.412714 0.980821 1.02224
0.00938172 0.00963573 0.403813 0.968688 1.0046
0.00943934 0.00959789 0.396221 1.00308 1.00852
0.00947494 0.00954912 0.390314 1.01636 1.0093
0.00957392 0.00957523 0.391122 1.01418 1.01021
0.00966755 0.00964838 0.390259 1.01428 1.01325
0.00976704 0.00972854 0.390525 1.01006 1.01317
0.00991174 0.00974892 0.393242 0.993634 0.978668
0.0100575 0.00991539 0.395499 0.996983 0.960794
0.0101545 0.0100545 0.397653 1.00079 0.947703
0.010133 0.0101777 0.397825 1.00655 0.951325
0.0100562 0.0101024 0.396513 0.989949 0.95282
0.00997234 0.0100169 0.395135 0.996405 0.959906
0.00990895 0.00994256 0.393272 1.03908 0.967094
0.00992658 0.00994825 0.394363 1.05442 0.973578
0.00992658 0.00994825 0.394363 1.05442 0.973578
0.00994671 0.0100589 0.395566 1.04403 0.969787
0.00963362 0.00977907 0.415936 1.07668 1.05787
0.00969222 0.00979897 0.416602 1.10656 1.05889
0.00960722 0.00957415 0.416791 1.07643 1.05222
0.00971326 0.00986627 0.421858 0.999745 1.02488
0.00976523 0.0100998 0.426138 0.950162 1.01366
0.00979391 0.0103187 0.432263 0.941774 1.0173
0.00976396 0.0104395 0.440203 0.95864 1.02982
0.00968925 0.0103117 0.439077 0.981067 1.03744
0.0096271 0.0101447 0.434125 0.993167 1.03393
0.00945036 0.00997708 0.427631 0.99705 1.03169
0.00943675 0.00985098 0.41793 0.99417 1.01649
0.00948347 0.00978203 0.407895 1.01636 1.01099
0.00953021 0.00974498 0.402454 1.00849 1.00469
0.00952805 0.0096602 0.396843 1.00954 1.00291
0.00957415 0.00964169 0.393847 1.01165 1.00229
0.00966427 0.00971259 0.39088 1.01452 0.999249
0.00979204 0.00984617 0.393511 1.00848 0.985955
0.00993855 0.0100624 0.396623 1.00953 0.971745
0.0100973 0.0102068 0.395998 1.01824 0.949827
0.0100979 0.0102998 0.396757 1.02312 0.951228
0.0100364 0.0102978 0.39609 1.01513 0.955576
0.00996658 0.0101748 0.393593 0.973196 0.943442
0.00989545 0.010058 0.392365 0.99495 0.94979
0.00985459 0.00992721 0.391876 1.01866 0.954671
0.00988224 0.00985845 0.392456 1.04627 0.958643
0.00994671 0.0100589 0.395566 1.04403 0.969787
0.00997363 0.0102186 0.396823 1.00301 0.959384
0.00975956 0.00996952 0.409855 0.999736 1.02288
0.00975956 0.00996952 0.409855 0.999736 1.02288
0.00963362 0.00977907 0.415936 1.07668 1.05787
0.00954286 0.00957494 0.41888 1.03342 1.04922
0.00957311 0.00964182 0.42718 1.00789 1.03681
0.00966873 0.0099307 0.432406 0.943889 1.01535
0.00974097 0.0101877 0.439331 0.941976 1.01632
0.00975418 0.0103529 0.447754 0.960872 1.02551
0.00979004 0.0104085 0.452492 0.976856 1.0269
0.00976498 0.0103007 0.449032 0.988673 1.02474
0.00962333 0.0101388 0.443145 0.996446 1.02287
0.00956203 0.0100726 0.433442 0.989687 1.01708
0.00956656 0.00999748 0.422474 0.997875 1.00887
0.00951777 0.00992865 0.413482 0.997332 1.00233
0.00954698 0.00987428 0.407946 0.990875 0.997094
0.00954291 0.00981615 0.402049 0.997923 0.99659
0.00961603 0.00987416 0.398161 1.00319 0.993437
0.00971385 0.00998394 0.395063 1.02305 0.99173
0.00983086 0.0101979 0.396735 1.02757 0.979806
0.00998663 0.0103655 0.397121 1.0341 0.960252
0.010042 0.0104029 0.396607 1.02306 0.949564
0.0100013 0.01045 0.395821 1.02598 0.953577
0.00992984 0.0104578 0.393625 1.01703 0.948685
0.00986173 0.0103266 0.391532 0.992072 0.94068
0.00982497 0.010183 0.391882 1.00486 0.945039
0.00984806 0.0100984 0.392784 1.02624 0.948596
0.00990917 0.0100678 0.39436 1.00411 0.948864
0.00997363 0.0102186 0.396823 1.00301 0.959384
0.0100315 0.0102057 0.399818 0.961311 0.970712
0.0100315 0.0102057 0.399818 0.961311 0.970712
0.00969557 0.00999076 0.410062 0.981963 1.0158
0.00975956 0.00996952 0.409855 0.999736 1.02288
0.0096181 0.00981923 0.413712 1.01372 1.04264
0.00952879 0.00972728 0.420674 0.978818 1.04203
0.00950319 0.00971487 0.429531 0.931414 1.03037
0.00955757 0.00980049 0.438155 0.926435 1.01945
0.00966221 0.0100226 0.447359 0.941547 1.01644
0.00977612 0.0102522 0.456206 0.965119 1.01662
0.00985778 0.0103064 0.462373 0.98389 1.01413
0.00985968 0.0103243 0.463016 0.995215 1.01507
0.00982699 0.0103046 0.459497 1.00026 1.01486
0.00981359 0.0102654 0.448909 0.989551 1.00645
0.00975455 0.0102145 0.438481 0.981203 1.00165
0.00967493 0.010154 0.428378 0.975554 0.997485
0.00955781 0.0100817 0.419221 0.971155 0.992771
0.00955177 0.0100806 0.412434 0.978275 0.9905
0.0095975 0.0101261 0.407099 0.992565 0.990062
0.00971218 0.0102303 0.404586 1.01849 0.993774
0.00978983 0.0103747 0.400712 1.03827 0.985038
0.00986075 0.0105026 0.398047 1.04645 0.973011
0.00991012 0.0104979 0.398683 1.0248 0.96606
0.0099218 0.0105394 0.396768 1.01845 0.95586
0.00989852 0.0105888 0.394108 1.01648 0.946274
0.00982145 0.0106233 0.391165 1.01302 0.938036
0.00980999 0.0105225 0.392186 1.00952 0.938174
0.00983721 0.0104154 0.394411 0.997279 0.939677
0.00991144 0.0103732 0.3968 0.960902 0.938589
0.00996094 0.0103632 0.397333 0.949607 0.940321
0.0100017 0.0103208 0.398145 0.952366 0.950762
0.0100315 0.0102057 0.399818 0.961311 0.970712
0.0100639 0.0101953 0.40099 0.972025 0.975066
0.00961215 0.00985591 0.409227 0.958736 0.99658
0.00961077 0.00993287 0.41019 0.962834 1.00813
0.00969557 0.00999076 0.410062 0.981963 1.0158
0.00963273 0.0100403 0.416436 0.995006 1.03326
0.00951622 0.00993777 0.42361 1.00313 1.05077
0.00945518 0.00989984 0.437971 0.980967 1.05304
0.00957465 0.00986044 0.449636 0.955664 1.0312
0.0096669 0.0099629 0.459161 0.955677 1.01992
0.00982624 0.0101095 0.471796 0.975676 1.01111
0.00994321 0.0101587 0.479932 0.993086 1.00424
0.0100735 0.0101872 0.477151 0.999891 0.997197
0.010067 0.0102378 0.473679 1.00173 0.998402
0.00999722 0.0102893 0.470857 0.98686 0.994825
0.00993953 0.0103029 0.461246 0.970297 0.98781
0.00980758 0.0103607 0.451409 0.949479 0.984219
0.00970927 0.0102946 0.441373 0.945519 0.980329
0.00970755 0.0102676 0.427646 0.956731 0.981433
0.00969263 0.0103079 0.41917 0.972884 0.982865
0.00964767 0.0104054 0.41018 1.00025 0.982388
0.00973732 0.0105247 0.406736 1.02448 0.98146
0.0098014 0.010527 0.402688 1.03224 0.973016
0.00982036 0.0105186 0.397552 1.02507 0.950704
0.00985381 0.0105315 0.396868 1.00957 0.941089
0.00986998 0.0104528 0.395912 1.00031 0.93474
0.00982679 0.0104394 0.394012 0.997389 0.928373
0.0098459 0.010479 0.394365 1.0188 0.9313
0.00987827 0.0104747 0.39641 1.03276 0.941447
0.00992298 0.0105495 0.397935 1.03116 0.938306
0.00998651 0.0105299 0.399556 1.00568 0.938078
0.0100279 0.0104366 0.399762 0.974803 0.948988
0.0100509 0.0103238 0.399706 0.95585 0.956904
0.0100639 0.0101953 0.40099 0.972025 0.975066
0.0100818 0.0101521 0.401798 0.991451 0.979106
0.0100693 0.0100722 0.401927 1.01125 0.984721
0.00961215 0.00985591 0.409227 0.958736 0.99658
0.00961215 0.00985591 0.409227 0.958736 0.99658
0.00961077 0.00993287 0.41019 0.962834 1.00813
0.00952052 0.010043 0.414054 0.985784 1.03147
0.00947642 0.010099 0.424417 0.997046 1.04797
0.00942075 0.0100863 0.438839 0.996232 1.05889
0.00946173 0.00999785 0.457799 0.987129 1.05402
0.00965308 0.0099514 0.471335 0.975778 1.02751
0.00984205 0.00997067 0.485728 0.983592 1.0082
0.0100513 0.009995 0.497327 1.00105 0.993446
0.0102159 0.0100091 0.495335 1.01048 0.984223
0.010272 0.0100899 0.490488 1.00915 0.981577
0.0102591 0.0101671 0.486043 1.00191 0.98066
0.0101746 0.0102363 0.482695 0.978355 0.974911
0.0100235 0.0103728 0.474482 0.94777 0.970523
0.00987054 0.0105148 0.46231 0.926626 0.969713
0.00985999 0.0104693 0.446083 0.937702 0.971658
0.00982528 0.0104945 0.434457 0.954947 0.974731
0.00977826 0.0105364 0.422862 0.978812 0.977487
0.00973271 0.0106503 0.41423 1.00887 0.975703
0.00974775 0.0105611 0.407965 1.01438 0.96947
0.0097955 0.0104883 0.403654 1.0124 0.958211
0.00980069 0.0105106 0.398116 1.00275 0.930568
0.0098245 0.0103378 0.396564 0.988017 0.917079
0.00984507 0.0102246 0.396583 0.9833 0.914089
0.00985239 0.01024 0.396328 1.00237 0.912
0.00991322 0.0103316 0.398458 1.03031 0.924337
0.00996494 0.0104388 0.40021 1.04885 0.934078
0.0100183 0.0105645 0.401584 1.04768 0.931168
0.0100629 0.0105358 0.402192 1.02184 0.946543
0.0100962 0.0104089 0.402305 0.989279 0.958541
0.0101082 0.0102914 0.401944 0.973583 0.966777
0.0100818 0.0101521 0.401798 0.991451 0.979106
0.0100693 0.0100722 0.401927 1.01125 0.984721
0.0100693 0.0100722 0.401927 1.01125 0.984721
0.0094974 0.00975753 0.407788 0.96198 0.995676
0.0094974 0.00975753 0.407788 0.96198 0.995676
0.00940126 0.00974587 0.407833 0.948995 1.01037
0.00944101 0.00992894 0.416135 0.977304 1.02886
0.00938882 0.0101126 0.427324 1.00087 1.05082
0.00930895 0.0101973 0.438946 1.01196 1.06862
0.00950165 0.0100531 0.458265 0.998862 1.05011
0.00966396 0.0099043 0.481457 0.987509 1.02679
0.00982213 0.00984004 0.499677 0.98219 1.00421
0.0101599 0.00980974 0.504627 1.00827 0.985341
0.0103358 0.00982756 0.514038 1.02295 0.975318
0.0104433 0.00988727 0.51609 1.02741 0.968985
0.0104661 0.0100455 0.508223 1.01608 0.967845
0.010403 0.0101447 0.503952 0.994909 0.963499
0.0102887 0.0102944 0.497886 0.961705 0.957509
0.0101764 0.0104167 0.478559 0.944543 0.9599
0.0100172 0.0106015 0.466049 0.933723 0.962083
0.00994026 0.0106665 0.453683 0.939742 0.964307
0.0098836 0.0106224 0.436115 0.966371 0.970235
0.0098423 0.010619 0.42444 0.991554 0.971602
0.00980904 0.0105279 0.41485 1.00498 0.96835
0.00976871 0.0104571 0.407249 1.00696 0.953468
0.00979732 0.0103587 0.402833 0.996795 0.934465
0.00982383 0.0101497 0.399262 0.979968 0.911813
0.00983691 0.00999375 0.396219 0.966039 0.882898
0.00987492 0.00995255 0.39741 0.978811 0.889161
0.00995031 0.00998567 0.400213 1.00448 0.902462
0.0100167 0.0101577 0.401816 1.03875 0.902224
0.0100669 0.010262 0.403407 1.04364 0.91488
0.0101158 0.0103715 0.404755 1.04205 0.93553
0.0101669 0.0104632 0.405372 1.02843 0.944411
0.0101611 0.0103242 0.404587 1.01043 0.958697
0.0101184 0.0101762 0.402904 1.00757 0.973994
0.0100831 0.0100594 0.401703 1.02248 0.981068
0.0100637 0.01003 0.401746 1.02958 0.985112
0.0100637 0.01003 0.401746 1.02958 0.985112
0.00953559 0.00999757 0.404455 1.0197 0.98638
0.00946827 0.00979494 0.40768 0.991549 0.993488
0.00934596 0.0097127 0.410246 0.967414 1.01168
0.00926968 0.00975274 0.419631 0.972522 1.02599
0.00930805 0.00995725 0.430112 1.0017 1.04581
0.00926029 0.0101033 0.442152 1.01676 1.06327
0.00955448 0.0100088 0.46118 1.0076 1.04202
0.00974821 0.00984349 0.483638 0.995392 1.01816
0.00990309 0.00971775 0.505483 0.990556 0.996829
0.010161 0.00963943 0.523145 1.01327 0.982678
0.0104782 0.00960995 0.527592 1.03773 0.965885
0.010591 0.00968445 0.534708 1.0465 0.960473
0.0106379 0.00984942 0.534738 1.03703 0.956437
0.0106355 0.0100155 0.527168 1.01956 0.953846
0.0105436 0.0101765 0.517266 0.987245 0.949103
0.0103994 0.0103786 0.502341 0.961624 0.950001
0.0102804 0.010519 0.483812 0.948351 0.95318
0.010115 0.0106849 0.471117 0.942972 0.956455
0.00999705 0.0106758 0.452149 0.95416 0.961137
0.00993076 0.0106018 0.434643 0.977602 0.964674
0.00989396 0.0104993 0.423987 0.993331 0.964795
0.00984126 0.010427 0.415211 0.999203 0.952336
0.00981342 0.0102283 0.4075 0.991604 0.934898
0.00983819 0.00998552 0.403366 0.973276 0.913801
0.00984607 0.00980221 0.399074 0.958079 0.880063
0.00989968 0.00966645 0.39808 0.953736 0.861949
0.00997353 0.0096339 0.400612 0.973683 0.873526
0.0100451 0.00977828 0.4025 1.00665 0.874354
0.0101216 0.00996804 0.40506 1.02707 0.887694
0.010177 0.0100782 0.406833 1.03056 0.909424
0.0102297 0.0102232 0.407718 1.02608 0.919936
0.0102192 0.0103268 0.40697 1.02948 0.941999
0.0101796 0.0101901 0.405376 1.02064 0.961537
0.0101382 0.0100675 0.403716 1.02842 0.969482
0.0100505 0.00998162 0.400965 1.02431 0.97863
0.0100066 0.00994383 0.40013 1.02501 0.983516
0.00996349 0.00992683 0.398581 1.01102 0.982641
0.00964294 0.0101833 0.404436 1.02871 0.981386
0.00953559 0.00999757 0.404455 1.0197 0.98638
0.00935371 0.00984561 0.408892 1.01095 1.00817
0.00923355 0.00972694 0.417572 0.988849 1.02903
0.00914689 0.00977575 0.432659 1.004 1.04225
0.00930929 0.00986111 0.447821 1.01402 1.04381
0.00963588 0.00988017 0.465519 1.01332 1.03012
0.00980757 0.00971023 0.488813 1.00208 1.00731
0.0100761 0.00959523 0.504328 1.00695 0.986498
0.0103966 0.00951484 0.517177 1.02587 0.969225
0.0105335 0.009423 0.547372 1.04906 0.960894
0.01073 0.0095204 0.545776 1.06246 0.95458
0.0108759 0.00970756 0.536958 1.06483 0.951284
0.0108454 0.00984916 0.550294 1.04645 0.94492
0.0107893 0.010024 0.533155 1.02289 0.944708
0.0106851 0.0102287 0.509895 0.996322 0.946683
0.0104743 0.0104856 0.506955 0.963848 0.944707
0.0103438 0.0105694 0.487344 0.962605 0.950718
0.0102215 0.0105801 0.464721 0.970637 0.957963
0.0100643 0.0105925 0.448988 0.972239 0.959131
0.00997513 0.010502 0.434784 0.984097 0.9565
0.00990653 0.0103852 0.423278 0.992074 0.949382
0.00986359 0.0101267 0.413542 0.984742 0.932023
0.00985861 0.00985688 0.406993 0.968231 0.906568
0.00986946 0.00960471 0.402061 0.950638 0.878882
0.00994273 0.0094191 0.402414 0.940314 0.874424
0.0100042 0.00935042 0.401824 0.94896 0.852681
0.010068 0.00937773 0.402522 0.967089 0.845021
0.0101342 0.00954354 0.405677 0.981356 0.876839
0.010225 0.0097582 0.408185 0.999516 0.880393
0.0102881 0.00994233 0.409646 1.00955 0.888926
0.01027 0.0100934 0.408871 1.0113 0.919923
0.0102396 0.0101243 0.40753 1.02016 0.939156
0.0101913 0.0100802 0.405694 1.02436 0.9537
0.0100971 0.0100094 0.402707 1.01854 0.96429
0.00999811 0.00990987 0.399734 1.01194 0.973711
0.00996349 0.00992683 0.398581 1.01102 0.982641
0.00995068 0.00998245 0.397603 0.998133 0.98309
0.00964294 0.0101833 0.404436 1.02871 0.981386
0.00964294 0.0101833 0.404436 1.02871 0.981386
0.00946232 0.0101488 0.407793 1.00929 0.994431
0.00924644 0.00995496 0.41735 0.986707 1.01402
0.00914552 0.00993397 0.430379 0.9877 1.03072
0.00939375 0.00976965 0.45219 1.00553 1.02621
0.00956459 0.00965031 0.476205 1.01262 1.01748
0.00979237 0.00955454 0.497419 1.00571 0.998399
0.010165 0.00948603 0.511123 1.01982 0.98088
0.0104593 0.00942306 0.524275 1.04001 0.967976
0.0106663 0.00933552 0.547824 1.06157 0.956218
0.010869 0.00940648 0.558364 1.0819 0.951333
0.0110132 0.00956163 0.557829 1.08889 0.948524
0.0110473 0.00971981 0.563042 1.07809 0.943272
0.0110032 0.00992649 0.551621 1.05521 0.94183
0.0109028 0.0101078 0.528951 1.02742 0.94317
0.0107294 0.0103464 0.518874 0.997024 0.942579
0.0105501 0.0104528 0.50198 0.979038 0.945003
0.010382 0.0105066 0.482549 0.978918 0.951135
0.010266 0.0104212 0.46153 0.98169 0.954128
0.010093 0.010399 0.445891 0.982937 0.952051
0.00994437 0.0102828 0.431774 0.98827 0.943975
0.00989087 0.01006 0.421247 0.985051 0.929584
0.00990218 0.00972746 0.411762 0.968067 0.907674
0.0099231 0.00945435 0.40661 0.94785 0.885557
0.00992769 0.00920701 0.401911 0.936833 0.852346
0.00999649 0.00906412 0.401907 0.933435 0.841517
0.0100778 0.0090832 0.40315 0.939127 0.833427
0.0101595 0.00923066 0.405223 0.949115 0.838952
0.0102349 0.00941523 0.408127 0.964894 0.859976
0.0103053 0.00967949 0.409825 0.979466 0.865317
0.0103045 0.00991809 0.409633 0.992017 0.888764
0.01028 0.0101039 0.408233 0.997653 0.914503
0.0102449 0.0102187 0.406244 1.00939 0.930471
0.0101573 0.0101642 0.403385 1.00602 0.943443
0.0100283 0.0100943 0.399436 0.996758 0.964278
0.00995158 0.01002 0.397181 0.981338 0.97361
0.00995068 0.00998245 0.397603 0.998133 0.98309
0.00995068 0.00998245 0.397603 0.998133 0.98309
0.0097952 0.010383 0.406358 1.01506 0.976128
0.0097952 0.010383 0.406358 1.01506 0.976128
0.00964694 0.0103965 0.407939 0.99283 0.988019
0.00940866 0.0102567 0.416249 0.976949 1.00302
0.0092397 0.0100542 0.429377 0.968521 1.01335
0.00956236 0.0098939 0.450077 0.988034 1.00785
0.00969696 0.00967272 0.476579 1.00162 1.00136
0.0098239 0.00944961 0.502919 1.01466 0.99238
0.0102516 0.00938693 0.514821 1.02953 0.972934
0.0105525 0.00932819 0.531548 1.05053 0.961575
0.0107897 0.00930108 0.546681 1.073 0.954475
0.0110276 0.00937493 0.554797 1.09707 0.949425
0.0111659 0.00948899 0.564851 1.10791 0.946278
0.0112373 0.00963109 0.570827 1.1074 0.943703
0.0112182 0.00985257 0.558952 1.08667 0.942334
0.0111122 0.0100267 0.54561 1.05862 0.941277
0.0109762 0.0101834 0.529008 1.03044 0.941492
0.0108153 0.0102831 0.510211 1.01103 0.944045
0.0106008 0.0103788 0.494229 0.998211 0.947174
0.010389 0.010415 0.479141 0.989756 0.948994
0.0102725 0.0102924 0.45929 0.989971 0.94985
0.0100786 0.0101685 0.442827 0.990173 0.941287
0.00992423 0.00997152 0.428375 0.985395 0.927877
0.00994046 0.00961979 0.417627 0.969259 0.909033
0.00997531 0.00933852 0.41177 0.94931 0.892987
0.010002 0.00908059 0.407277 0.932052 0.87145
0.00998995 0.00883339 0.402043 0.924017 0.830166
0.0100722 0.00884657 0.40358 0.920626 0.829282
0.0101696 0.00894793 0.406251 0.923102 0.8339
0.0102468 0.00911556 0.407911 0.936017 0.836059
0.0103011 0.00938614 0.409172 0.94732 0.846465
0.0103303 0.00969104 0.40979 0.960024 0.863633
0.0103191 0.00992538 0.409322 0.97425 0.888981
0.010286 0.0101793 0.407027 0.988199 0.905872
0.0102126 0.0103467 0.403764 0.99651 0.926804
0.0100707 0.0102923 0.399388 0.986337 0.952966
0.00999639 0.0102438 0.39709 0.968302 0.965211
0.00995727 0.0101799 0.396164 0.95762 0.974288
0.00996873 0.0101372 0.397078 0.984824 0.983673
0.00996873 0.0101372 0.397078 0.984824 0.983673
0.0099019 0.0103271 0.408008 1.00115 0.983792
0.00986727 0.0103793 0.406999 1.00865 0.979017
0.00976866 0.0104557 0.408662 0.990723 0.988206
0.00961849 0.0104477 0.414223 0.978791 1.00045
0.00951102 0.010295 0.426882 0.968132 1.00628
0.00953968 0.0100757 0.446596 0.975464 1.00331
0.00972955 0.00986728 0.469463 0.991916 0.997744
0.00995428 0.00965324 0.492358 1.00589 0.986298
0.0102371 0.0094744 0.514228 1.02644 0.9745
0.0105872 0.00937456 0.532795 1.04706 0.959806
0.0108505 0.00929654 0.559844 1.07746 0.952014
0.0110848 0.00935166 0.568648 1.09994 0.947114
0.0112803 0.00951924 0.569031 1.1161 0.9465
0.0113628 0.00966544 0.57259 1.11642 0.944527
0.0113663 0.00985429 0.562669 1.101 0.943319
0.0112935 0.00999518 0.549268 1.07793 0.941968
0.0111253 0.0101325 0.549138 1.0467 0.938391
0.0109669 0.0102425 0.52893 1.02524 0.940954
0.0107673 0.0103072 0.503525 1.01153 0.946559
0.0105963 0.010276 0.485261 1.0026 0.948347
0.0103367 0.0102298 0.47039 0.997666 0.946697
0.0101528 0.010127 0.453218 0.996944 0.943574
0.010085 0.00985603 0.437621 0.98801 0.933565
0.00996285 0.00956275 0.42368 0.976924 0.916156
0.00994672 0.00925349 0.413761 0.960092 0.895821
0.00998167 0.00900146 0.408581 0.937759 0.875127
0.00999647 0.00877153 0.404379 0.926881 0.845448
0.0100528 0.0086774 0.403299 0.919753 0.830243
0.010143 0.008763 0.405421 0.915949 0.831084
0.0102433 0.00892738 0.407043 0.924844 0.818429
0.0103159 0.00913785 0.408472 0.936905 0.82
0.0103211 0.0094418 0.409538 0.950525 0.853894
0.0103501 0.00988553 0.409217 0.967322 0.864965
0.0103387 0.0101689 0.40801 0.981979 0.883451
0.0102427 0.0103654 0.40431 0.998815 0.918059
0.0101507 0.0104777 0.400812 1.00469 0.942325
0.0100434 0.0104546 0.397198 0.997341 0.961614
0.00998309 0.0104127 0.394962 0.984472 0.969431
0.00997139 0.0102678 0.3953 0.982843 0.977023
0.00997889 0.0101666 0.396501 0.997389 0.984798
0.00998749 0.0101669 0.396217 1.0033 0.985047
0.00993066 0.0102769 0.408861 0.995293 0.987728
0.0099019 0.0103271 0.408008 1.00115 0.983792
0.00986519 0.0104485 0.409812 0.994349 0.986831
0.00975244 0.0104997 0.414238 0.983701 0.997298
0.00969613 0.0104241 0.424992 0.974399 1.00147
0.00970748 0.0102991 0.440737 0.972318 1.00122
0.00976441 0.0100404 0.463345 0.986674 0.996306
0.0100117 0.00985513 0.484127 0.99911 0.984504
0.0103122 0.00967212 0.504079 1.01303 0.970803
0.0105839 0.00950453 0.526912 1.0361 0.959871
0.0108665 0.00941079 0.554287 1.06667 0.95127
0.0111156 0.00940096 0.572348 1.09418 0.946687
0.0113226 0.00956184 0.572634 1.11282 0.946571
0.0114287 0.00970924 0.572707 1.117 0.945752
0.011482 0.00985718 0.570236 1.11108 0.943718
0.0114419 0.00999599 0.552871 1.09054 0.942739
0.0112997 0.010127 0.551267 1.06215 0.939317
0.0111135 0.0101848 0.542477 1.03656 0.938511
0.0109187 0.010231 0.515267 1.02134 0.944313
0.0107119 0.010182 0.494467 1.01232 0.947406
0.0105271 0.0101113 0.47609 1.00529 0.947799
0.0102568 0.0100577 0.462298 1.00124 0.944937
0.0101359 0.00976783 0.445774 0.99304 0.935466
0.0100851 0.00945452 0.430685 0.981211 0.923297
0.00995695 0.00917987 0.417954 0.969087 0.904224
0.00994178 0.00891249 0.410022 0.952126 0.88032
0.0099774 0.00868653 0.405382 0.933314 0.857708
0.0100348 0.00854835 0.403801 0.924123 0.839638
0.0101212 0.00861276 0.404907 0.918538 0.831515
0.0102103 0.00873382 0.406435 0.918662 0.824215
0.0103051 0.00893394 0.407735 0.931284 0.810132
0.0103314 0.00925302 0.408815 0.947016 0.831916
0.010339 0.00961241 0.409331 0.962299 0.86037
0.010358 0.01005 0.408508 0.979921 0.870868
0.0102778 0.0103191 0.405171 0.996697 0.901414
0.0101747 0.0104944 0.400863 1.01164 0.931801
0.0100863 0.0105937 0.397395 1.01515 0.952523
0.01002 0.0105795 0.394743 1.00858 0.96224
0.00998696 0.0104499 0.393678 1.00386 0.969633
0.00998754 0.0102828 0.394547 1.00614 0.976786
0.00998749 0.0101669 0.396217 1.0033 0.985047
0.00999488 0.0101626 0.396037 1.00823 0.985405
0.00993066 0.0102769 0.408861 0.995293 0.987728
0.00993066 0.0102769 0.408861 0.995293 0.987728
0.00988124 0.0102782 0.410465 0.997622 0.99004
0.00980085 0.0103637 0.414974 0.992867 0.994837
0.0097126 0.0104213 0.421704 0.983499 1.00153
0.00974655 0.0103603 0.436651 0.980666 1.002
0.00981959 0.010207 0.456932 0.986357 0.997646
0.00996533 0.0100389 0.47932 0.993963 0.988701
0.0102673 0.00986467 0.498139 1.00211 0.973707
0.010564 0.00971779 0.519475 1.02144 0.961697
0.0108667 0.0096101 0.543219 1.04888 0.951887
0.0111469 0.00964589 0.550299 1.07567 0.948912
0.0113312 0.00970164 0.562437 1.09631 0.947567
0.011473 0.00980289 0.570475 1.11059 0.94696
0.0115139 0.00990991 0.573368 1.10884 0.946054
0.0115145 0.0100268 0.566276 1.0943 0.942668
0.011449 0.010145 0.55735 1.07184 0.939379
0.0112816 0.0101689 0.537033 1.04916 0.941463
0.0110716 0.0101704 0.520878 1.02838 0.942908
0.0108416 0.010161 0.502463 1.01304 0.945741
0.0105606 0.0100725 0.487002 1.00702 0.948147
0.0104228 0.0099374 0.469005 1.00132 0.94573
0.010315 0.00969776 0.450493 0.995834 0.939199
0.0100273 0.00939619 0.435144 0.990072 0.926166
0.0100167 0.00913891 0.423851 0.973451 0.912085
0.010033 0.00889637 0.415102 0.955673 0.893989
0.00991528 0.00857333 0.404735 0.948191 0.863054
0.0100022 0.00849793 0.403962 0.932885 0.849866
0.0101138 0.00854267 0.405365 0.921527 0.841465
0.0101768 0.00858711 0.405381 0.920677 0.825906
0.0102575 0.00879381 0.406929 0.932244 0.82396
0.010319 0.00908573 0.408332 0.949545 0.830859
0.010358 0.00944843 0.409163 0.965781 0.8416
0.0103321 0.00977826 0.408264 0.983354 0.870606
0.0102732 0.0100826 0.406032 1.00084 0.901008
0.0102159 0.0104436 0.402573 1.01591 0.919536
0.0101224 0.0106081 0.39767 1.02682 0.936278
0.0100435 0.010678 0.393943 1.02862 0.949255
0.0100082 0.0104946 0.392531 1.02047 0.957025
0.0100052 0.0103205 0.393126 1.0166 0.964508
0.0100053 0.0101928 0.394442 1.01116 0.973858
0.00999488 0.0101626 0.396037 1.00823 0.985405
0.00999488 0.0101626 0.396037 1.00823 0.985405
0.00988279 0.0100865 0.410792 0.995464 0.988848
0.00988279 0.0100865 0.410792 0.995464 0.988848
0.00979478 0.0100808 0.413583 0.997451 0.991487
0.00967494 0.0101962 0.4204 0.986754 0.998235
0.00966752 0.0102032 0.432349 0.982082 1.0005
0.0097893 0.0102581 0.447082 0.990021 1.00328
0.00993327 0.0101488 0.4672 0.994861 0.99543
0.0101824 0.0101094 0.483277 0.998005 0.984198
0.0104773 0.00995846 0.502945 1.00597 0.969829
0.010768 0.00987192 0.526103 1.0254 0.959324
0.0110382 0.00984095 0.549255 1.04522 0.950392
0.0112925 0.0098895 0.556409 1.06997 0.948157
0.0114411 0.00995057 0.564726 1.0871 0.947418
0.0115189 0.0100444 0.564706 1.09032 0.946603
0.0115303 0.0101002 0.559796 1.08783 0.946547
0.0114837 0.0101961 0.558633 1.07109 0.943465
0.0113559 0.0102383 0.540399 1.04958 0.944007
0.011202 0.0101877 0.518094 1.03431 0.945405
0.0109744 0.0101587 0.503584 1.01691 0.947305
0.0107056 0.0100738 0.488242 1.00931 0.949989
0.0104946 0.00989294 0.472444 1.00288 0.949189
0.0104036 0.00967599 0.454834 0.995662 0.943958
0.0101701 0.00939526 0.438446 0.990111 0.933003
0.010018 0.00909917 0.425502 0.981068 0.919608
0.0100266 0.00886936 0.416768 0.962341 0.904008
0.00994622 0.00856927 0.406758 0.952108 0.876873
0.00997881 0.00850838 0.403825 0.940053 0.863758
0.0100766 0.00852458 0.404726 0.927961 0.855779
0.0101509 0.00850926 0.404569 0.929127 0.834222
0.0102149 0.0086154 0.405003 0.933977 0.82458
0.010276 0.00892415 0.407412 0.946476 0.840724
0.0103161 0.00924769 0.408152 0.967664 0.849086
0.0103374 0.00961645 0.408047 0.986828 0.859056
0.010286 0.00991573 0.406248 1.00747 0.889136
0.0102319 0.0102752 0.40314 1.02299 0.909318
0.0101379 0.0104213 0.399464 1.03293 0.934109
0.0100535 0.0105252 0.394613 1.04066 0.942805
0.0100153 0.0104506 0.391747 1.03572 0.944043
0.00999731 0.0103034 0.39093 1.02634 0.949985
0.0100061 0.0101462 0.391951 1.0186 0.95689
0.0100031 0.0101032 0.394017 1.01456 0.972622
0.0100031 0.0101032 0.394017 1.01456 0.972622
0.00993548 0.00988803 0.406806 1.00212 0.989545
0.00993548 0.00988803 0.406806 1.00212 0.989545
0.0097945 0.00983135 0.411924 0.998407 0.987243
0.00965211 0.00987293 0.418504 0.989922 0.991423
0.00954172 0.00997915 0.427038 0.980127 0.998913
0.00970295 0.010143 0.439393 0.993109 1.00573
0.00990959 0.0102195 0.45207 0.998816 1.0031
0.0101482 0.0102405 0.465377 1.00079 0.99462
0.0103997 0.0101722 0.483225 1.00431 0.981793
0.0106613 0.0101132 0.505344 1.01256 0.970272
0.0109241 0.0100702 0.529779 1.02415 0.959766
0.0111723 0.0100723 0.555501 1.03983 0.950747
0.0113624 0.0101168 0.55869 1.05511 0.947614
0.0115001 0.0101737 0.550736 1.06714 0.947248
0.0115324 0.0102034 0.53765 1.06786 0.94791
0.0114891 0.0102743 0.542408 1.05921 0.947106
0.0114042 0.0103252 0.546014 1.04675 0.946265
0.011281 0.0102388 0.520434 1.03523 0.947509
0.0110796 0.0101619 0.502459 1.02323 0.950322
0.0108533 0.0100613 0.486989 1.01284 0.953173
0.0106447 0.00987125 0.470415 1.00786 0.954054
0.010462 0.00966354 0.455674 0.998905 0.949139
0.0102961 0.00942576 0.441574 0.989222 0.941319
0.0101546 0.00911717 0.427867 0.981052 0.930781
0.0100408 0.008842 0.416995 0.969362 0.912921
0.00998136 0.00864084 0.40903 0.955597 0.895493
0.0100449 0.00862153 0.40678 0.939181 0.885996
0.0100809 0.00858221 0.40523 0.931913 0.873211
0.0101189 0.00853581 0.404037 0.93064 0.855236
0.0101769 0.00848246 0.40311 0.938176 0.826467
0.0102278 0.008774 0.405671 0.943907 0.844538
0.0102728 0.00912616 0.408019 0.956072 0.865792
0.0103094 0.00941808 0.407877 0.983873 0.867261
0.0102956 0.00977629 0.406145 1.00942 0.878503
0.010246 0.0100662 0.403776 1.02954 0.898239
0.0101454 0.0101794 0.400856 1.03922 0.930913
0.010064 0.0102237 0.396592 1.04542 0.940152
0.0100034 0.0102225 0.392582 1.04673 0.942196
0.00997443 0.0101663 0.389523 1.04025 0.939696
0.00998185 0.0100802 0.389432 1.02915 0.941838
0.0099905 0.0100123 0.390272 1.02127 0.949095
0.00999185 0.00998069 0.391606 1.01851 0.961406
0.00999185 0.00998069 0.391606 1.01851 0.961406
0.00981979 0.00983276 0.401403 1.0055 1.0061
0.00981979 0.00983276 0.401403 1.0055 1.0061
0.00980217 0.00981202 0.406866 1.00146 0.995988
0.00964206 0.00974136 0.408545 1.00468 1.00247
0.0095723 0.00986439 0.415898 0.991544 1.00683
0.009586 0.0100092 0.425242 0.992495 1.01171
0.00973207 0.0101717 0.43774 1.00294 1.01676
0.0100014 0.0103024 0.452546 1.00377 1.0092
0.0101916 0.0103388 0.473061 0.997092 0.999744
0.0104288 0.0102933 0.493348 0.998967 0.987735
0.0107747 0.0102412 0.512443 0.997933 0.968921
0.0110784 0.0102239 0.533667 1.00526 0.954594
0.0113436 0.0102006 0.540905 1.02121 0.946327
0.0114927 0.0102546 0.54704 1.03187 0.943352
0.011562 0.0103349 0.548661 1.03645 0.942751
0.0115714 0.0103861 0.543773 1.03432 0.942779
0.0115495 0.0103716 0.539059 1.03328 0.942329
0.0113872 0.0103623 0.531245 1.02667 0.945788
0.0112241 0.0102939 0.511051 1.01496 0.948024
0.0110192 0.0101631 0.492164 1.0112 0.95197
0.0108236 0.00998187 0.474384 1.00761 0.95347
0.0106307 0.00979696 0.458608 1.00094 0.952072
0.0103387 0.00955124 0.443718 0.997036 0.949287
0.0102095 0.00929483 0.430556 0.987057 0.939881
0.0101683 0.00916257 0.421035 0.972631 0.930439
0.00999167 0.00887738 0.409493 0.965934 0.91528
0.00998591 0.00880789 0.405093 0.953403 0.901131
0.0100388 0.00880003 0.403254 0.940544 0.890273
0.0100728 0.00879221 0.402325 0.93568 0.876723
0.0101259 0.00876194 0.40175 0.939499 0.854691
0.010196 0.00884213 0.403511 0.94372 0.844787
0.010261 0.00905332 0.405903 0.953483 0.847734
0.0102915 0.00937101 0.406648 0.974945 0.859495
0.0102763 0.00972315 0.406642 0.994197 0.883169
0.0102446 0.00989169 0.404861 1.01641 0.893437
0.0101566 0.0100227 0.400893 1.03453 0.908802
0.0100638 0.0101072 0.397393 1.04302 0.931571
0.00996562 0.0100816 0.393166 1.04081 0.944715
0.0099017 0.0100701 0.389294 1.03258 0.9483
0.00987055 0.010007 0.385505 1.02798 0.947806
0.00986334 0.0099275 0.383512 1.02067 0.950242
0.00988898 0.00993297 0.386579 1.01719 0.965049
0.00988642 0.0100388 0.390938 1.0123 0.995499
0.00988642 0.0100388 0.390938 1.0123 0.995499
0.00981979 0.00983276 0.401403 1.0055 1.0061
0.00981979 0.00983276 0.401403 1.0055 1.0061
0.00965165 0.00973769 0.401931 1.01159 1.01379
0.00958296 0.00974634 0.404642 1.0051 1.01667
0.00961097 0.00988319 0.41191 0.994072 1.01684
0.00961111 0.0100334 0.422814 1.0038 1.02516
0.00978201 0.0102119 0.436835 1.0047 1.0241
0.0100471 0.0103611 0.454053 1.00329 1.01611
0.0102137 0.0103961 0.478716 0.992275 1.0057
0.0105825 0.0104022 0.495443 0.98274 0.984064
0.0109719 0.0103672 0.510633 0.972317 0.959862
0.011265 0.0103316 0.517299 0.988447 0.950121
0.011454 0.0103533 0.527833 0.999842 0.944397
0.0116006 0.0103888 0.536803 1.00858 0.939374
0.0116294 0.0104767 0.54206 1.00876 0.938773
0.011632 0.0104499 0.534046 1.01427 0.939329
0.0115939 0.0103853 0.519908 1.01732 0.940547
0.0113619 0.010407 0.515644 1.00529 0.945265
0.0111908 0.0102705 0.498342 1.00547 0.948812
0.0109708 0.0100938 0.478037 1.00718 0.953255
0.0108334 0.009935 0.462128 0.998337 0.951496
0.0105257 0.00969652 0.446616 0.996165 0.950887
0.0102466 0.00948339 0.432319 0.993267 0.949083
0.0102708 0.00941051 0.42389 0.974627 0.940479
0.010105 0.00916511 0.412286 0.968229 0.929437
0.00997315 0.00904288 0.403938 0.963654 0.921356
0.00999679 0.00903123 0.401194 0.951198 0.908981
0.0100211 0.00902375 0.399746 0.945903 0.894672
0.0100675 0.00906056 0.39984 0.942458 0.883292
0.010136 0.00914606 0.401811 0.942576 0.87702
0.0102198 0.0092525 0.404047 0.952167 0.861598
0.0102712 0.00934768 0.40555 0.964792 0.853692
0.0102605 0.00969062 0.406522 0.981259 0.8822
0.0102301 0.00981393 0.405361 1.0013 0.894624
0.0101691 0.00983262 0.403223 1.0178 0.906273
0.0100699 0.00997532 0.398762 1.03539 0.923024
0.00995975 0.00996433 0.394414 1.03399 0.939229
0.00984213 0.0099385 0.389197 1.02491 0.952522
0.00978527 0.0099335 0.385361 1.01619 0.953927
0.009747 0.00987106 0.380498 1.0135 0.956802
0.00978985 0.00990024 0.381978 1.01467 0.969112
0.00988642 0.0100388 0.390938 1.0123 0.995499
0.00988642 0.0100388 0.390938 1.0123 0.995499
0.00981979 0.00983276 0.401403 1.0055 1.0061
0.00981979 0.00983276 0.401403 1.0055 1.0061
0.00971645 0.00984533 0.398147 1.01465 1.02007
0.00958718 0.00977468 0.39542 1.02198 1.02844
0.00949311 0.0097319 0.398784 1.00036 1.02725
0.00953403 0.00987557 0.408017 0.9984 1.03076
0.00965625 0.0100359 0.419237 0.996406 1.03334
0.00977391 0.0102736 0.435348 0.996215 1.03451
0.0100635 0.0103619 0.454759 0.989881 1.0211
0.0104984 0.0104192 0.471436 0.981681 0.997702
0.010772 0.0104611 0.488746 0.97363 0.981593
0.0110909 0.0104733 0.505232 0.96429 0.961333
0.0113472 0.0104857 0.517359 0.968894 0.9494
0.0115818 0.0104619 0.522734 0.983684 0.939909
0.0117056 0.0104702 0.525092 0.993059 0.935591
0.0117651 0.0104564 0.523429 1.00292 0.934436
0.011642 0.0105221 0.522521 0.999051 0.938661
0.0115194 0.0104558 0.510303 0.998947 0.941785
0.011388 0.0103243 0.49455 1.00251 0.945058
0.0112026 0.0102319 0.482526 0.99522 0.94705
0.0109139 0.0100389 0.464572 0.99663 0.951813
0.0106503 0.00983779 0.448492 0.993762 0.952939
0.0105409 0.00978973 0.437931 0.9839 0.950717
0.0102808 0.00955323 0.422817 0.981204 0.94704
0.0101154 0.00933635 0.410281 0.973509 0.939225
0.0101086 0.00950835 0.407475 0.960863 0.938332
0.0100232 0.00945823 0.401496 0.959073 0.931815
0.00999054 0.0093904 0.397379 0.955124 0.91913
0.00999173 0.00934101 0.395514 0.954734 0.901867
0.0100695 0.00946247 0.398112 0.951653 0.894904
0.0101685 0.0096346 0.402031 0.951965 0.88648
0.0102043 0.00973616 0.404663 0.955265 0.888184
0.0102418 0.00979182 0.405446 0.972271 0.880488
0.0102382 0.00995926 0.40539 0.991329 0.891047
0.010191 0.00987394 0.404883 1.00236 0.902176
0.0100939 0.00984251 0.401604 1.01599 0.916631
0.00998361 0.00988659 0.397155 1.02546 0.931987
0.0098629 0.00986242 0.392447 1.02155 0.946701
0.00969041 0.00987927 0.383951 1.00405 0.957639
0.00961211 0.0098571 0.378429 0.995406 0.961662
0.0096656 0.00996793 0.380701 0.99861 0.98597
0.0097844 0.0100014 0.385858 1.00628 0.991551
0.00988642 0.0100388 0.390938 1.0123 0.995499
0.00988642 0.0100388 0.390938 1.0123 0.995499
0.00978603 0.00991512 0.395701 1.00782 1.02206
0.00978603 0.00991512 0.395701 1.00782 1.02206
0.00978603 0.00991512 0.395701 1.00782 1.02206
0.0096647 0.00983394 0.39207 1.01723 1.03073
0.00951391 0.00970829 0.389363 1.00888 1.03746
0.00944535 0.00968628 0.393539 0.989606 1.03675
0.00957176 0.00984537 0.404002 0.986231 1.03919
0.00969476 0.010088 0.418184 0.982008 1.04026
0.0099421 0.010302 0.434005 0.98497 1.03341
0.0103187 0.0103906 0.449821 0.978202 1.01499
0.0106514 0.0104422 0.466994 0.970194 0.996325
0.0109803 0.0104853 0.483165 0.964381 0.975438
0.0112639 0.0105175 0.49929 0.958593 0.957486
0.0115411 0.0105272 0.509184 0.963781 0.942807
0.0117691 0.0105058 0.513301 0.977537 0.933048
0.0118816 0.0104949 0.513369 0.988382 0.92944
0.0118163 0.0105418 0.513266 0.988815 0.931954
0.0116802 0.010492 0.505698 0.992201 0.936495
0.0115482 0.0103749 0.490731 0.996171 0.940475
0.0113446 0.0102925 0.477516 0.995567 0.945516
0.0111265 0.0101819 0.465319 0.989389 0.947973
0.0108462 0.010023 0.450246 0.988817 0.95235
0.0106262 0.00997192 0.437356 0.984924 0.955656
0.0104924 0.00988275 0.425755 0.97645 0.952737
0.0102368 0.00970514 0.412193 0.97429 0.950689
0.0100918 0.00978044 0.403972 0.971841 0.952308
0.0100758 0.00991426 0.40088 0.962165 0.950361
0.00999518 0.00987166 0.395816 0.96265 0.944011
0.00999378 0.00986603 0.394351 0.962412 0.929837
0.0100045 0.0099245 0.394944 0.963694 0.924152
0.0100923 0.0100858 0.398791 0.960194 0.918174
0.0101589 0.0101208 0.40204 0.95823 0.906509
0.0101931 0.010206 0.40402 0.966251 0.905673
0.0102225 0.01021 0.405064 0.982069 0.899522
0.0101846 0.0101162 0.405176 0.991624 0.909293
0.0101263 0.00992961 0.40415 1.00043 0.913239
0.0100229 0.00987576 0.400472 1.01452 0.925152
0.00986488 0.00978696 0.39493 1.01559 0.936676
0.00971912 0.00978641 0.388483 1.00641 0.949229
0.00959283 0.00986618 0.382087 0.990353 0.965495
0.00955898 0.010022 0.380618 0.988365 0.986399
0.00965384 0.0100688 0.384186 0.993521 1.00165
0.00977962 0.0100858 0.389528 1.00149 1.00481
0.00977962 0.0100858 0.389528 1.00149 1.00481
0.00977962 0.0100858 0.389528 1.00149 1.00481
0.00978603 0.00991512 0.395701 1.00782 1.02206
0.0097368 0.00987385 0.391607 1.00123 1.02855
0.0097368 0.00987385 0.391607 1.00123 1.02855
0.00961782 0.00976926 0.387575 1.00626 1.03644
0.00943659 0.009579 0.383776 0.986236 1.04319
0.00946776 0.00966744 0.389947 0.972652 1.04516
0.00961047 0.00991235 0.401422 0.963001 1.04543
0.00997656 0.0101281 0.417485 0.970482 1.03191
0.0102286 0.0102991 0.432443 0.970613 1.02376
0.0104728 0.0104183 0.44751 0.965769 1.01384
0.0108652 0.0104584 0.462383 0.962376 0.988174
0.011208 0.0104685 0.475279 0.964122 0.967207
0.011523 0.0104651 0.486214 0.969823 0.949265
0.0117756 0.0105107 0.498067 0.969354 0.935716
0.0119319 0.0105536 0.504663 0.973939 0.927925
0.0119949 0.0105864 0.507363 0.97849 0.924668
0.0118774 0.0104553 0.49553 0.990234 0.92911
0.0117183 0.0103888 0.4857 0.990467 0.933677
0.011531 0.010333 0.474916 0.988339 0.938804
0.01127 0.0102859 0.462765 0.987217 0.946161
0.0110858 0.0102302 0.451633 0.982233 0.94959
0.0108987 0.0101929 0.440292 0.977695 0.953183
0.0105589 0.0101078 0.424231 0.978966 0.959853
0.0104304 0.0101854 0.41643 0.972116 0.962189
0.0103125 0.0103172 0.409821 0.967399 0.965288
0.0100355 0.0102428 0.395888 0.974369 0.966454
0.0100059 0.0103771 0.393915 0.971576 0.965311
0.0100197 0.010539 0.394635 0.969515 0.963379
0.0100393 0.0107074 0.397019 0.969846 0.967388
0.0100499 0.0107134 0.397184 0.972637 0.958027
0.0100897 0.010695 0.398435 0.972929 0.942857
0.0101608 0.0106156 0.40133 0.969547 0.918742
0.0101803 0.0105714 0.403688 0.976118 0.918386
0.0101714 0.0104667 0.405389 0.98234 0.923309
0.0101265 0.0102869 0.405283 0.987717 0.930931
0.0100496 0.010053 0.403019 0.999454 0.927746
0.00992319 0.0098649 0.398838 1.00819 0.929825
0.00972435 0.00970011 0.392286 1.00836 0.938368
0.0096648 0.00982683 0.389422 0.998161 0.961729
0.0096088 0.0100053 0.386842 0.990377 0.985023
0.00950244 0.0101897 0.382296 0.986259 1.00122
0.00964736 0.0101529 0.387334 0.993801 1.0047
0.00964736 0.0101529 0.387334 0.993801 1.0047
0.00977962 0.0100858 0.389528 1.00149 1.00481
0.00977692 0.00981842 0.392386 0.986471 1.02583
0.00977692 0.00981842 0.392386 0.986471 1.02583
0.00977692 0.00981842 0.392386 0.986471 1.02583
0.00964221 0.00961767 0.386265 0.996081 1.03799
0.00948945 0.00946326 0.38232 0.986774 1.04514
0.00952539 0.0095616 0.383008 0.974871 1.04675
0.00963709 0.00974084 0.388048 0.961022 1.04714
0.00986433 0.0099422 0.40044 0.960391 1.04162
0.0101938 0.0101434 0.415968 0.965937 1.02986
0.0104638 0.0102919 0.430392 0.962832 1.01902
0.0108532 0.0103687 0.445142 0.959847 0.995638
0.0112551 0.0104201 0.460799 0.963688 0.968441
0.0115795 0.0104103 0.472372 0.973246 0.949836
0.0118523 0.0104407 0.484485 0.976885 0.934862
0.0120903 0.010493 0.492679 0.981048 0.922421
0.0121536 0.0104908 0.495832 0.986146 0.918236
0.0120781 0.0104607 0.493025 0.983514 0.919251
0.0119611 0.0103646 0.482477 0.989904 0.922768
0.0118167 0.0103504 0.474381 0.982708 0.925241
0.011579 0.0103049 0.463078 0.98072 0.93185
0.011301 0.0103306 0.452056 0.976789 0.942979
0.0110761 0.0103633 0.440974 0.973161 0.951361
0.0107878 0.0102943 0.426507 0.97247 0.956992
0.0105565 0.0104973 0.415889 0.970909 0.968723
0.0103647 0.0107141 0.406752 0.971623 0.979184
0.0101421 0.0107137 0.395395 0.974815 0.981198
0.0100432 0.0110559 0.39364 0.981829 0.994099
0.00999302 0.0112711 0.39202 0.985105 0.997795
0.00997848 0.011425 0.39158 0.987542 0.996038
0.00999479 0.0115337 0.393148 0.988778 0.995131
0.0100251 0.0115361 0.395326 0.987533 0.98669
0.0100897 0.0114781 0.3985 0.983736 0.967288
0.0101274 0.0112719 0.401425 0.979339 0.953154
0.0101523 0.0110392 0.404398 0.98077 0.943655
0.0101472 0.0106679 0.406318 0.987718 0.926843
0.0100894 0.0104666 0.405349 0.995635 0.930153
0.00999194 0.0101142 0.403393 1.00401 0.931886
0.00981942 0.00990949 0.398069 1.00476 0.940449
0.00970013 0.00982274 0.394951 1.00364 0.952495
0.00961297 0.00994713 0.392381 0.997376 0.974472
0.00953956 0.0101275 0.388906 0.993419 0.991636
0.00962436 0.0102048 0.390152 0.992088 0.998671
0.0097538 0.0101515 0.393957 0.993812 0.998034
0.0097538 0.0101515 0.393957 0.993812 0.998034
0.0097538 0.0101515 0.393957 0.993812 0.998034
0.00996155 0.00978554 0.396291 0.98663 1.01323
0.00971895 0.00961098 0.388759 0.983398 1.0314
0.00971895 0.00961098 0.388759 0.983398 1.0314
0.0095922 0.00940328 0.381852 0.992348 1.04641
0.00965514 0.00954257 0.383067 0.982211 1.0474
0.00974291 0.0096779 0.384589 0.969183 1.04771
0.00985327 0.00980848 0.386407 0.954954 1.04765
0.0101267 0.00998481 0.39975 0.9603 1.03888
0.0104718 0.010144 0.413848 0.960727 1.02354
0.0108791 0.0102689 0.429397 0.961344 1.00143
0.0112992 0.0103374 0.44632 0.96515 0.972107
0.0116724 0.0103657 0.460706 0.975093 0.949143
0.0119809 0.0103728 0.472608 0.98629 0.931775
0.0122508 0.0104243 0.48116 0.99092 0.917651
0.0123194 0.0103855 0.48369 0.996477 0.911752
0.012296 0.010321 0.482871 1.0001 0.910467
0.0121887 0.0103089 0.47893 0.993614 0.912809
0.0120747 0.0103127 0.472616 0.984744 0.913863
0.0119079 0.0103373 0.464623 0.973916 0.917279
0.0116394 0.010346 0.454039 0.96896 0.927602
0.0113308 0.0104358 0.441853 0.966318 0.941507
0.0110486 0.0105478 0.430281 0.964212 0.95446
0.0108502 0.0107426 0.420984 0.958474 0.964271
0.0105411 0.0109847 0.407902 0.966522 0.98158
0.0102665 0.0113022 0.397093 0.977484 1.00056
0.0101771 0.0116855 0.396321 0.983265 1.0152
0.0100585 0.0119902 0.392839 0.99281 1.02634
0.00996017 0.0122046 0.389589 1.00163 1.03246
0.00993493 0.0123443 0.388629 1.00577 1.03001
0.0099641 0.0124169 0.391423 1.00221 1.02538
0.0100084 0.0124095 0.395275 0.99724 1.01941
0.0100423 0.0123025 0.397967 0.992722 1.01053
0.0100893 0.0118946 0.401716 0.988505 0.986811
0.0101213 0.0114372 0.404837 0.986919 0.961141
0.010117 0.0109774 0.4068 0.994337 0.937041
0.0100364 0.0104754 0.406453 0.997192 0.935214
0.00993074 0.0101075 0.404876 1.00193 0.941833
0.00985073 0.0099468 0.402595 1.00042 0.953391
0.00967679 0.00996267 0.398328 0.999837 0.966093
0.00959794 0.0100496 0.396146 1.00512 0.980406
0.00968309 0.0102052 0.397449 1.00866 0.993701
0.0097697 0.010188 0.398463 0.998926 0.992116
0.0097697 0.010188 0.398463 0.998926 0.992116
0.00985871 0.0101893 0.403473 1.0071 0.987778
0.00996155 0.00978554 0.396291 0.98663 1.01323
0.00996155 0.00978554 0.396291 0.98663 1.01323
0.00996155 0.00978554 0.396291 0.98663 1.01323
0.0098516 0.00963918 0.389807 1.00793 1.03368
0.00981112 0.00961106 0.384167 1.00406 1.04683
0.00985527 0.00969379 0.382937 0.988035 1.04942
0.00999214 0.00980446 0.38497 0.975015 1.04766
0.0101699 0.00990395 0.38738 0.964684 1.04589
0.0104433 0.0100408 0.39716 0.964289 1.03762
0.0109199 0.0101516 0.417568 0.966289 1.0049
0.0113762 0.010206 0.434147 0.975465 0.977978
0.0118107 0.010263 0.44956 0.983592 0.951805
0.0122753 0.0103144 0.464448 0.996892 0.925667
0.0125226 0.0103264 0.474209 1.00578 0.911551
0.0126022 0.0102795 0.4808 1.01531 0.903478
0.0126677 0.0102818 0.480997 1.01146 0.895534
0.0125792 0.0102328 0.478432 1.00681 0.896416
0.0124645 0.0102179 0.47387 0.998773 0.898312
0.0122506 0.0102406 0.467647 0.983394 0.903524
0.0119933 0.0103279 0.457389 0.968293 0.912008
0.0116988 0.0104288 0.445416 0.96057 0.924533
0.011329 0.0106649 0.4311 0.955695 0.943937
0.0110754 0.0108753 0.421263 0.954009 0.95839
0.0107642 0.0112082 0.411331 0.960833 0.980761
0.0104774 0.0116781 0.40237 0.972799 1.00603
0.0102433 0.0121505 0.394897 0.988431 1.02994
0.0101086 0.0125911 0.391732 0.998559 1.04788
0.00997122 0.0130443 0.387818 1.0104 1.06449
0.00991204 0.0132567 0.387192 1.01737 1.06992
0.00989541 0.0134163 0.387046 1.01839 1.06742
0.00992111 0.0135384 0.388897 1.01122 1.06047
0.00996607 0.0133562 0.393026 1.00652 1.04964
0.0100219 0.0129173 0.398436 1.00201 1.02926
0.0100818 0.0123574 0.402885 0.990287 1.00072
0.0100937 0.0117908 0.405847 0.988751 0.975074
0.0100845 0.0110752 0.408567 0.983124 0.951752
0.0100187 0.0104534 0.40883 0.984845 0.942128
0.00988261 0.0100349 0.407688 0.996942 0.941427
0.00975366 0.00990822 0.404763 0.998127 0.951351
0.00972831 0.00992989 0.403158 1.01366 0.971495
0.00969029 0.010096 0.402534 1.03132 0.987066
0.00976501 0.0101999 0.403075 1.02571 0.992858
0.00985871 0.0101893 0.403473 1.0071 0.987778
0.00985871 0.0101893 0.403473 1.0071 0.987778
0.00985871 0.0101893 0.403473 1.0071 0.987778
0.0101629 0.00992156 0.401014 0.997453 0.992857
0.0101629 0.00992156 0.401014 0.997453 0.992857
0.0101178 0.00987427 0.396884 1.00677 1.01183
0.010035 0.00980378 0.390551 1.03107 1.03573
0.0100166 0.00980761 0.384436 1.01016 1.04551
0.0100933 0.00982582 0.380499 0.98679 1.04959
0.0102481 0.00992861 0.382749 0.974889 1.04739
0.01048 0.0100048 0.386273 0.967649 1.04329
0.0109572 0.0100363 0.401561 0.970187 1.01383
0.0114635 0.010118 0.423229 0.97557 0.977357
0.0118872 0.0101519 0.437004 0.987834 0.956089
0.012368 0.0101937 0.454862 1.00376 0.926561
0.0128012 0.0102342 0.467823 1.02348 0.905054
0.0129465 0.0101913 0.475984 1.03793 0.895401
0.0130273 0.0101873 0.478619 1.03742 0.886502
0.0129289 0.0101727 0.477935 1.0272 0.88456
0.0128268 0.0101387 0.47444 1.01629 0.885007
0.0126511 0.0101482 0.468399 0.996773 0.887319
0.0123981 0.0101944 0.461183 0.980021 0.894774
0.0121148 0.0103197 0.44947 0.965257 0.905448
0.0117056 0.0105933 0.435799 0.955696 0.927151
0.0113199 0.0110134 0.423742 0.951578 0.952926
0.0110093 0.011401 0.414733 0.957031 0.977606
0.0106968 0.0119544 0.40627 0.96902 1.00774
0.0104304 0.0125167 0.399216 0.98313 1.03605
0.0102061 0.0129843 0.391775 1.00004 1.05959
0.0100345 0.0135215 0.387179 1.01449 1.08181
0.00990544 0.0140968 0.383597 1.02363 1.10075
0.00985924 0.0143487 0.383675 1.02915 1.10655
0.00986337 0.0145171 0.384406 1.02409 1.10129
0.00990251 0.0143948 0.388495 1.01847 1.08865
0.00996408 0.0139754 0.394595 1.01309 1.07052
0.0100265 0.0134133 0.399578 1.00133 1.0435
0.010062 0.0126711 0.404256 0.989789 1.01453
0.0100772 0.011917 0.407982 0.979319 0.987071
0.0100663 0.0110251 0.411166 0.972434 0.957029
0.00998821 0.0104094 0.411529 0.977041 0.944624
0.00986542 0.00999811 0.410191 0.991445 0.945245
0.009814 0.00982113 0.409808 1.01372 0.957089
0.00979584 0.00990303 0.408865 1.03146 0.975858
0.00977196 0.0101225 0.408037 1.04401 0.989928
0.00986608 0.0101631 0.407856 1.02169 0.985295
0.00994719 0.0100868 0.407203 1.00033 0.980675
0.00994719 0.0100868 0.407203 1.00033 0.980675
0.0101629 0.00992156 0.401014 0.997453 0.992857
0.0101629 0.00992156 0.401014 0.997453 0.992857
0.0102551 0.00998716 0.39619 1.02237 1.00842
0.010234 0.00998671 0.389275 1.02588 1.02763
0.0102219 0.00998754 0.38213 1.00892 1.04203
0.0103441 0.00996734 0.375992 0.980262 1.04782
0.0105932 0.0100233 0.383668 0.970143 1.03527
0.0109827 0.0100547 0.399701 0.967698 1.0071
0.0115319 0.0100349 0.407055 0.975293 0.984833
0.0120001 0.0100614 0.426399 0.988912 0.954244
0.0124554 0.0100695 0.448117 1.00872 0.922206
0.0128242 0.0100834 0.4609 1.03541 0.905507
0.0132338 0.0101195 0.470428 1.05667 0.888192
0.0135101 0.0101348 0.477 1.06893 0.874441
0.0131704 0.0100816 0.476589 1.05947 0.883214
0.0130762 0.0100576 0.474339 1.04347 0.880344
0.0130217 0.0100489 0.470095 1.02483 0.876172
0.0128766 0.0100781 0.462044 0.995897 0.874383
0.012522 0.0102316 0.452592 0.978028 0.889547
0.0120738 0.0104863 0.441336 0.961938 0.912374
0.0116634 0.0109815 0.432784 0.953869 0.940893
0.0113034 0.0114902 0.420876 0.955578 0.96953
0.0109664 0.0120109 0.409781 0.963479 0.999061
0.0106115 0.0126915 0.400043 0.979287 1.03547
0.0103596 0.0132845 0.393305 0.996698 1.06483
0.0101401 0.0138492 0.387266 1.0141 1.0915
0.00996908 0.0144383 0.383558 1.02927 1.11587
0.00986352 0.0150815 0.380244 1.03258 1.13325
0.00981431 0.0154672 0.379392 1.03258 1.13977
0.00984315 0.0151014 0.386542 1.03538 1.12911
0.00991041 0.0149338 0.390985 1.02505 1.11078
0.00997717 0.014571 0.395708 1.01369 1.08819
0.0100135 0.0136828 0.40137 1.001 1.05689
0.0100451 0.0128261 0.405846 0.98619 1.02604
0.0100741 0.0118596 0.410526 0.970721 0.989863
0.0100773 0.0107993 0.415269 0.961422 0.948523
0.00999746 0.0103492 0.413904 0.975227 0.950635
0.00991789 0.00997684 0.412981 0.997026 0.95694
0.00982247 0.00967544 0.413985 1.0254 0.960479
0.00982829 0.00991437 0.41274 1.03151 0.974371
0.00987709 0.0100916 0.411069 1.02216 0.98037
0.00994719 0.0100868 0.407203 1.00033 0.980675
0.00994719 0.0100868 0.407203 1.00033 0.980675
0.0101629 0.00992156 0.401014 0.997453 0.992857
0.0101629 0.00992156 0.401014 0.997453 0.992857
0.0102849 0.01 0.398047 1.00353 0.989837
0.0103761 0.0101023 0.392634 1.01798 1.00565
0.0103605 0.0101175 0.385688 1.00887 1.02441
0.0104506 0.0101208 0.380139 0.990557 1.03511
0.0106663 0.0100913 0.378921 0.971326 1.03132
0.0110042 0.0100637 0.391203 0.966762 1.00892
0.0114889 0.0100646 0.402091 0.970319 0.98424
0.0120759 0.0100167 0.416758 0.991279 0.954661
0.0126775 0.0100171 0.435458 1.018 0.921952
0.013065 0.010023 0.451417 1.04351 0.900577
0.0133041 0.0100427 0.464031 1.07425 0.88906
0.0135847 0.0100706 0.471336 1.09178 0.877234
0.013586 0.0100432 0.473751 1.09162 0.87488
0.0133058 0.0099963 0.472776 1.08013 0.880775
0.0132722 0.00997353 0.469769 1.06068 0.874452
0.0131333 0.00998177 0.463128 1.03397 0.872257
0.0128362 0.0101434 0.455839 1.00295 0.880103
0.0124606 0.0104186 0.446299 0.979375 0.898463
0.0120934 0.0109142 0.434815 0.960971 0.924888
0.0116995 0.0114146 0.425182 0.956113 0.953471
0.0112839 0.0120434 0.413608 0.96183 0.990036
0.010885 0.0127574 0.403999 0.975427 1.02963
0.0105295 0.0134876 0.395122 0.992306 1.06796
0.0102732 0.0141184 0.388691 1.0107 1.0988
0.0100783 0.0147258 0.384414 1.02646 1.12505
0.00993477 0.0152065 0.38223 1.03932 1.14363
0.00983812 0.0158534 0.379539 1.03968 1.16143
0.00981287 0.016031 0.381575 1.04065 1.16304
0.00985608 0.0157393 0.387711 1.03854 1.14951
0.00991867 0.01534 0.392664 1.02815 1.12751
0.00999712 0.0148551 0.398807 1.01005 1.10009
0.0100346 0.0139617 0.4041 0.995638 1.06836
0.0100614 0.0128474 0.408289 0.978246 1.03033
0.0100693 0.011713 0.413116 0.967091 0.986891
0.0100749 0.0106938 0.415951 0.961216 0.956345
0.0100161 0.0101961 0.414552 0.977568 0.958285
0.00991794 0.00985372 0.415216 1.00499 0.96112
0.00988086 0.0097547 0.413074 1.01091 0.969647
0.00988906 0.0100169 0.41122 1.00716 0.980976
0.00990436 0.0101088 0.408249 0.997389 0.984682
0.00994719 0.0100868 0.407203 1.00033 0.980675
0.00994719 0.0100868 0.407203 1.00033 0.980675
0.0103117 0.0100083 0.399573 0.978401 0.971636
0.0103117 0.0100083 0.399573 0.978401 0.971636
0.0104198 0.0101351 0.394344 0.99097 0.986288
0.010498 0.0102206 0.388951 1.00083 1.00475
0.0105596 0.0102568 0.384908 0.997011 1.02035
0.0107835 0.0102406 0.383553 0.97746 1.01593
0.0110729 0.0101724 0.387464 0.967688 1.0041
0.0114251 0.0100796 0.395958 0.96721 0.986185
0.0119693 0.0100082 0.413185 0.988951 0.955169
0.0126734 0.00998832 0.427962 1.01837 0.923183
0.0133427 0.00999552 0.441558 1.05208 0.895211
0.0134889 0.0100094 0.455522 1.08747 0.886902
0.0135163 0.0100049 0.463741 1.10932 0.884737
0.01351 0.00998837 0.468483 1.12062 0.884016
0.0135653 0.00995672 0.469704 1.11401 0.878921
0.0134941 0.00991528 0.467906 1.09718 0.875143
0.0133169 0.00990893 0.464066 1.07365 0.874683
0.012965 0.0100435 0.457455 1.04183 0.883589
0.0126927 0.0103127 0.449313 1.01117 0.894026
0.0124335 0.010698 0.439688 0.983416 0.908832
0.0121152 0.011298 0.427132 0.963594 0.936179
0.0116361 0.0120596 0.417114 0.963482 0.979857
0.011137 0.0128693 0.407811 0.972632 1.02734
0.0107354 0.0136589 0.398129 0.988818 1.06953
0.0104314 0.0143565 0.391103 1.00603 1.10426
0.0101882 0.0149524 0.386108 1.02353 1.13306
0.0100271 0.0153315 0.384593 1.04146 1.15163
0.00991477 0.0158911 0.382709 1.04527 1.17077
0.00984037 0.0163688 0.38195 1.04558 1.18409
0.00982584 0.0165402 0.384028 1.04647 1.18292
0.00985864 0.015972 0.389624 1.04151 1.16337
0.00992028 0.0153572 0.39601 1.03003 1.13819
0.0100211 0.0150711 0.402186 1.00679 1.1109
0.0100496 0.0138997 0.40648 0.989095 1.06946
0.0100678 0.0126037 0.410401 0.972692 1.02691
0.0100992 0.0114384 0.414523 0.956592 0.988056
0.010068 0.0106181 0.415381 0.965674 0.969532
0.0100258 0.0100419 0.41493 0.980679 0.963122
0.00998398 0.00977667 0.41309 0.998303 0.971447
0.00994977 0.00990892 0.410345 0.988942 0.980902
0.00992871 0.0100557 0.407491 0.97829 0.987794
0.00992579 0.0101513 0.404778 0.971256 0.991092
0.00992579 0.0101513 0.404778 0.971256 0.991092
0.0103546 0.0100757 0.398657 0.95185 0.984182
0.0103546 0.0100757 0.398657 0.95185 0.984182
0.0104764 0.0101772 0.393186 0.956506 0.987538
0.0106257 0.0102677 0.383818 0.997996 1.0128
0.0107829 0.010271 0.381916 0.986179 1.01623
0.0110617 0.0102321 0.386637 0.982904 1.00639
0.0115487 0.0101739 0.386547 0.968485 0.985801
0.0120071 0.0100914 0.400522 0.981137 0.959923
0.012473 0.00999574 0.420171 1.00134 0.927423
0.0130919 0.00998171 0.434746 1.03652 0.902702
0.0136493 0.00999932 0.447426 1.07597 0.885023
0.0138585 0.00999866 0.460101 1.11102 0.876864
0.0138659 0.00993482 0.46864 1.13531 0.878075
0.0141689 0.00985119 0.472727 1.14439 0.863922
0.0142565 0.0098018 0.473453 1.13707 0.856466
0.0138816 0.00973712 0.468981 1.10707 0.860485
0.0134592 0.00981631 0.462481 1.0732 0.869948
0.013014 0.0100218 0.453841 1.03556 0.88334
0.0127508 0.0103342 0.443773 1.00126 0.893616
0.0124139 0.0108729 0.432151 0.97703 0.917803
0.0118999 0.0116288 0.422913 0.961536 0.956792
0.0114439 0.0124743 0.412531 0.9614 1.00028
0.0110124 0.0133751 0.403262 0.974229 1.04691
0.010636 0.0142146 0.394534 0.990897 1.08927
0.0103418 0.0150326 0.388313 1.00915 1.12699
0.0101187 0.0160718 0.380739 1.01736 1.16582
0.00996991 0.0166009 0.378375 1.02884 1.18705
0.00987609 0.0166771 0.381177 1.04414 1.19579
0.0098287 0.0169322 0.382675 1.04547 1.20345
0.00984263 0.016997 0.386006 1.03863 1.19764
0.00991201 0.0165345 0.392651 1.02239 1.17597
0.00998805 0.0159576 0.398788 1.00525 1.14662
0.0100479 0.0146901 0.405235 0.991915 1.10178
0.0101233 0.0134235 0.411483 0.971747 1.05216
0.0101399 0.0121819 0.414702 0.957956 1.0122
0.0101127 0.0109211 0.415142 0.961868 0.976623
0.0100718 0.0100061 0.415771 0.980324 0.955025
0.0100365 0.00973894 0.413766 0.997519 0.962826
0.00999685 0.00984772 0.409643 1.00132 0.981446
0.00993487 0.0100758 0.405798 0.981707 0.993764
0.00997061 0.0101506 0.404197 0.969601 0.992812
0.00997061 0.0101506 0.404197 0.969601 0.992812
0.0103291 0.010064 0.398992 0.961484 1.00421
0.0103291 0.010064 0.398992 0.961484 1.00421
0.010407 0.0101151 0.396639 0.941471 0.992594
0.0105533 0.0102005 0.388838 0.966716 1.0053
0.0107518 0.0102586 0.381177 0.996042 1.01679
0.0109916 0.0102299 0.386446 0.997413 1.00925
0.0114345 0.0101889 0.38677 0.985369 0.991731
0.0119803 0.0101641 0.388564 0.97442 0.966385
0.0124049 0.0100594 0.408256 0.989703 0.933768
0.0128665 0.0100018 0.425429 1.02018 0.910548
0.0133564 0.00998746 0.440845 1.05473 0.891654
0.0139436 0.0100267 0.452268 1.09543 0.874514
0.0142289 0.00995567 0.462834 1.13107 0.868472
0.0143366 0.00986278 0.471406 1.15484 0.865547
0.01478 0.00974857 0.474845 1.16113 0.845127
0.0144152 0.0096442 0.472185 1.13833 0.849293
0.0139435 0.00958285 0.465826 1.10178 0.855887
0.0134501 0.00974719 0.457154 1.06198 0.869336
0.0131109 0.0100185 0.446858 1.0243 0.880356
0.0126816 0.0104475 0.436858 0.990252 0.899962
0.0121404 0.0111647 0.428144 0.970997 0.938158
0.0116852 0.0119936 0.418186 0.961021 0.977811
0.0112795 0.0129013 0.407739 0.960746 1.01988
0.0108811 0.0138314 0.398447 0.975512 1.06568
0.0105578 0.0148417 0.390884 0.991247 1.11045
0.0102775 0.0158176 0.384178 1.00636 1.15142
0.010068 0.0169349 0.376569 1.01282 1.19157
0.00994344 0.0171805 0.378713 1.03096 1.20702
0.00986806 0.0171552 0.382535 1.04599 1.21206
0.00983387 0.0174844 0.383376 1.042 1.21967
0.00990134 0.0172092 0.389995 1.02397 1.20161
0.00998386 0.0167049 0.396712 1.00304 1.17633
0.0100142 0.015405 0.402393 0.994145 1.13557
0.0101208 0.0141898 0.410046 0.973816 1.08429
0.010178 0.0128331 0.414854 0.964896 1.03392
0.0101572 0.01147 0.415073 0.959798 0.994313
0.0101208 0.0103666 0.415859 0.977282 0.964861
0.0100449 0.00970006 0.413099 0.991015 0.955175
0.0100267 0.00972467 0.409194 1.00939 0.975767
0.00995266 0.00993959 0.404756 0.992533 0.991084
0.00997309 0.0101231 0.403701 0.973144 0.995734
0.0100301 0.0101239 0.403958 0.963772 0.989689
0.0100301 0.0101239 0.403958 0.963772 0.989689
0.0103291 0.010064 0.398992 0.961484 1.00421
0.0103442 0.0100373 0.396994 0.981564 1.01557
0.0104363 0.0101086 0.393464 0.974051 1.01653
0.0105936 0.0101192 0.386589 0.984408 1.01872
0.0108794 0.0101394 0.3834 0.99586 1.01256
0.0112173 0.010132 0.38437 0.999063 1.00191
0.0116733 0.0101112 0.390039 0.996134 0.976838
0.0122863 0.0101204 0.397281 0.992197 0.945611
0.0128378 0.0100822 0.410902 1.00238 0.914947
0.0132676 0.0100602 0.42867 1.03001 0.894935
0.0136891 0.0100358 0.443324 1.06636 0.880863
0.0140217 0.00994875 0.456632 1.10808 0.873665
0.0146907 0.00991026 0.464197 1.14809 0.856833
0.0146825 0.00978518 0.469469 1.15718 0.853881
0.0142806 0.00963385 0.471064 1.14905 0.861144
0.0142369 0.00954939 0.466575 1.12648 0.853921
0.013927 0.00952458 0.458105 1.08864 0.855368
0.0135924 0.00965457 0.448529 1.05 0.862062
0.012857 0.0101518 0.440972 1.00997 0.892929
0.0123992 0.0107151 0.430766 0.983913 0.91969
0.0119621 0.0114153 0.420916 0.96583 0.952788
0.0115213 0.012285 0.411507 0.954818 0.992483
0.0111293 0.0132808 0.402277 0.962002 1.03816
0.0107654 0.0143415 0.39344 0.974288 1.08592
0.0104768 0.0155672 0.385215 0.986219 1.13559
0.0102332 0.0163386 0.381312 1.0047 1.17017
0.0100348 0.016882 0.381189 1.02576 1.19716
0.00994158 0.0177056 0.379582 1.02833 1.22365
0.00990467 0.0176361 0.383462 1.03296 1.22275
0.00992288 0.0172947 0.389727 1.02823 1.20903
0.0099515 0.0165807 0.395177 1.02088 1.18609
0.0100704 0.0159947 0.402811 0.992567 1.15438
0.0101661 0.0149714 0.410057 0.97127 1.11184
0.0101705 0.0134115 0.412751 0.972151 1.06221
0.0101924 0.0119882 0.415627 0.973846 1.01359
0.0101805 0.0107208 0.416929 0.979631 0.975244
0.0101159 0.00990949 0.413857 0.999479 0.957414
0.00998206 0.00967469 0.407274 0.998499 0.96866
0.00990022 0.00972445 0.402091 0.995776 0.986097
0.00997982 0.0100024 0.403216 0.975485 0.992333
0.0100087 0.0100793 0.40301 0.978702 0.992818
0.0100301 0.0101239 0.403958 0.963772 0.989689
0.0103442 0.0100373 0.396994 0.981564 1.01557
0.0103602 0.0100028 0.394631 1.00647 1.02917
0.0104903 0.0100219 0.389699 1.00291 1.02817
0.0106724 0.0100107 0.383756 0.982128 1.01446
0.0110164 0.0100141 0.379235 0.991059 1.00483
0.0114218 0.0100122 0.38387 0.995764 0.984589
0.0119068 0.0100917 0.393546 1.00431 0.960444
0.0125353 0.0101144 0.40199 0.998686 0.92936
0.0130448 0.010132 0.414141 1.00539 0.908608
0.0135252 0.0101162 0.431194 1.03188 0.887577
0.0139358 0.0100502 0.444895 1.07012 0.876585
0.0145044 0.00999554 0.454535 1.11124 0.862638
0.014639 0.00984525 0.461497 1.1458 0.859611
0.0143521 0.00967302 0.464108 1.14788 0.864589
0.0142048 0.00956378 0.461884 1.13129 0.861782
0.0139406 0.00947473 0.456572 1.10507 0.862645
0.0136643 0.00950019 0.447822 1.06722 0.864254
0.0132498 0.00980322 0.440824 1.0319 0.878129
0.0125587 0.0103403 0.432743 0.996061 0.909741
0.0122049 0.010929 0.421826 0.972867 0.934768
0.0117703 0.0117361 0.412476 0.956493 0.971272
0.0113274 0.0126305 0.404867 0.950753 1.01238
0.0109412 0.0136282 0.397131 0.961981 1.05843
0.0106309 0.0148086 0.389353 0.973224 1.10733
0.0103966 0.0157358 0.384153 0.990072 1.14661
0.0101688 0.0162044 0.384234 1.01648 1.17456
0.010043 0.0170617 0.382285 1.02234 1.20393
0.00998218 0.0174205 0.384123 1.02989 1.21701
0.0099728 0.0171275 0.389789 1.03207 1.20844
0.0100058 0.0166304 0.395622 1.0235 1.19076
0.0100661 0.0159453 0.401843 1.00888 1.16436
0.0101861 0.0152295 0.409387 0.98091 1.12729
0.0102075 0.013964 0.412385 0.97233 1.08406
0.0101874 0.0124613 0.413805 0.980403 1.03745
0.0101983 0.0110833 0.416093 0.985567 0.990534
0.0101493 0.0101779 0.413981 1.00199 0.967555
0.0100347 0.00972799 0.408125 1.0009 0.96486
0.00990137 0.0096594 0.401465 1.00026 0.984158
0.00992799 0.00981333 0.401264 1.00417 0.991187
0.00998182 0.0100271 0.401823 0.997538 0.996684
0.0100087 0.0100793 0.40301 0.978702 0.992818
0.0103971 0.00994844 0.391076 1.03617 1.04171
0.0103971 0.00994844 0.391076 1.03617 1.04171
0.0105294 0.00994718 0.387309 0.993848 1.02025
0.0108141 0.00991059 0.378517 0.979977 1.00552
0.0111779 0.00988651 0.37258 0.981557 0.991779
0.0116176 0.0100448 0.38445 1.00017 0.97204
0.0120289 0.0101151 0.397039 1.0031 0.950933
0.0124178 0.010144 0.410313 1.00094 0.931348
0.013071 0.0101666 0.41904 1.00808 0.909396
0.0137734 0.0101714 0.430822 1.03335 0.885959
0.0143932 0.0101424 0.442075 1.06691 0.867135
0.0141732 0.00993877 0.451035 1.10498 0.875168
0.0142544 0.00975222 0.454611 1.12817 0.870826
0.0142976 0.00958951 0.454952 1.13443 0.865335
0.0138786 0.00946199 0.45104 1.11104 0.87206
0.0134606 0.0094985 0.445265 1.07852 0.88055
0.013059 0.00965999 0.43895 1.04351 0.890631
0.0128235 0.0099688 0.431436 1.01048 0.897766
0.0124111 0.0105259 0.422141 0.980104 0.922235
0.0119915 0.0112033 0.41291 0.954967 0.952459
0.0115211 0.0120374 0.406507 0.943801 0.991102
0.0111126 0.012929 0.400516 0.950093 1.03312
0.010759 0.0138539 0.394801 0.963296 1.07552
0.0105249 0.0147166 0.389529 0.982681 1.11224
0.0103219 0.0155141 0.386435 0.99997 1.14761
0.0101536 0.0161909 0.385118 1.01598 1.17743
0.0100733 0.0164998 0.387343 1.03168 1.19099
0.0100534 0.0165718 0.39122 1.0341 1.19409
0.0100664 0.0164154 0.396233 1.02944 1.18793
0.0101218 0.0160114 0.402243 1.0149 1.17072
0.0101968 0.0150906 0.408569 0.998043 1.13235
0.010253 0.0139963 0.413511 0.983115 1.08984
0.0102688 0.0128499 0.415677 0.970827 1.0507
0.010221 0.0114914 0.415524 0.987369 1.00909
0.0101619 0.0103706 0.413965 1.00046 0.976404
0.0100516 0.00983423 0.408101 0.994991 0.966391
0.00994299 0.00973376 0.402431 1.00016 0.982655
0.00988495 0.00979053 0.398958 1.01158 0.999544
0.00992927 0.00992781 0.399913 1.02593 1.00077
0.00992927 0.00992781 0.399913 1.02593 1.00077
0.0103623 0.0099278 0.384428 1.02896 1.04262
0.0103623 0.0099278 0.384428 1.02896 1.04262
0.010538 0.00991226 0.378833 0.995625 1.02348
0.010847 0.00991652 0.373849 0.983621 1.00872
0.0112213 0.00999906 0.375973 0.99286 0.996875
0.011686 0.0101578 0.385755 1.00799 0.978396
0.0121704 0.0102765 0.393663 1.00444 0.96064
0.012721 0.0103025 0.404119 1.00791 0.939677
0.0131004 0.0102268 0.419077 0.998112 0.910671
0.0136919 0.0102111 0.428718 1.02295 0.891989
0.0138677 0.0101024 0.435746 1.05225 0.885072
0.0137593 0.00991125 0.442631 1.08696 0.890216
0.0139791 0.00974055 0.442893 1.10718 0.88491
0.0137678 0.00958174 0.443182 1.1055 0.884005
0.0133949 0.00947668 0.439085 1.0834 0.889974
0.0130704 0.00951811 0.433302 1.05582 0.897274
0.012813 0.00966832 0.42615 1.02611 0.904127
0.0125389 0.0100457 0.418093 0.994124 0.916002
0.0120567 0.0106482 0.413123 0.964652 0.941059
0.0117461 0.011245 0.406542 0.948168 0.963616
0.0113156 0.0120639 0.400903 0.93956 1.00044
0.0109534 0.0129065 0.39665 0.944921 1.03808
0.0106814 0.0137678 0.391438 0.962874 1.07601
0.0104477 0.0144119 0.389126 0.986137 1.10815
0.0102691 0.0151004 0.387579 1.00147 1.14047
0.0101631 0.0155036 0.388804 1.0175 1.15855
0.0101086 0.0156313 0.392438 1.0293 1.16524
0.0101224 0.015717 0.397277 1.02747 1.16645
0.0102167 0.0155167 0.405545 1.01412 1.14919
0.0102778 0.0149088 0.411613 0.99911 1.12378
0.0103037 0.0137941 0.415444 0.98248 1.08053
0.0103661 0.0126252 0.420777 0.971606 1.03296
0.0103571 0.0114168 0.421986 0.970093 0.993466
0.0102444 0.0104828 0.417081 0.989175 0.974366
0.0100323 0.00988918 0.408177 1.00457 0.976561
0.00992596 0.00952886 0.402521 1.00387 0.976842
0.00985762 0.00974706 0.398227 1.02351 0.999888
0.00988853 0.00993495 0.398415 1.03985 1.00514
0.00988853 0.00993495 0.398415 1.03985 1.00514
0.0103623 0.0099278 0.384428 1.02896 1.04262
0.010373 0.00997103 0.381519 1.01108 1.03795
0.0105273 0.00996341 0.377466 0.991147 1.02732
0.0108131 0.0100409 0.379961 0.975519 1.01098
0.0112358 0.0101243 0.381713 0.999533 1.00231
0.0117673 0.0102828 0.385232 1.00724 0.988348
0.0123008 0.0104187 0.389111 1.0021 0.969455
0.0125629 0.010315 0.405429 0.981076 0.938731
0.012906 0.0102548 0.415595 0.986615 0.920946
0.0132445 0.0102105 0.421754 1.0053 0.910583
0.0133311 0.0100716 0.428663 1.03969 0.905765
0.0135179 0.00991508 0.430315 1.06597 0.902974
0.0136102 0.00974523 0.429506 1.08219 0.90278
0.0132301 0.00959462 0.429379 1.07307 0.905373
0.012966 0.00953735 0.425258 1.05541 0.909194
0.0127319 0.00955055 0.420525 1.03484 0.913288
0.0125455 0.00971293 0.412936 1.0073 0.918639
0.0121488 0.0101206 0.410697 0.981782 0.934016
0.0116762 0.0107093 0.408197 0.956682 0.95681
0.0114481 0.0113099 0.399545 0.944586 0.979237
0.0111419 0.0120042 0.396163 0.939975 1.00624
0.0108247 0.0127666 0.393062 0.946181 1.03936
0.0105653 0.0134274 0.390144 0.972834 1.07239
0.0103823 0.0139802 0.389353 0.986965 1.10003
0.0102393 0.0144446 0.389691 1.00195 1.12386
0.0101498 0.0145554 0.392621 1.01952 1.13236
0.0101585 0.0147158 0.397767 1.01992 1.13564
0.0102211 0.0147322 0.404684 1.01298 1.12888
0.0103437 0.0144866 0.414122 0.996432 1.10695
0.0103678 0.0135621 0.418066 0.98177 1.06924
0.0103875 0.012404 0.421504 0.967179 1.02434
0.0104715 0.0112275 0.427891 0.957884 0.974863
0.0103437 0.0105953 0.421375 0.970623 0.968267
0.0101639 0.00997661 0.412893 0.988227 0.967711
0.00992926 0.00939318 0.403519 1.00521 0.972552
0.00986174 0.00963443 0.399152 1.03005 0.992343
0.00990368 0.00986973 0.399205 1.0398 1.0004
0.00988853 0.00993495 0.398415 1.03985 1.00514
0.010373 0.00997103 0.381519 1.01108 1.03795
0.0103908 0.0100274 0.380853 0.985778 1.0343
0.010461 0.00998255 0.376336 0.954468 1.03306
0.0108103 0.01007 0.379032 0.964343 1.02216
0.0112018 0.0102294 0.386356 0.997973 1.01362
0.0116488 0.0103394 0.389369 1.01121 1.00182
0.0120582 0.0103714 0.392897 0.993919 0.975119
0.0123998 0.0103182 0.403446 0.974249 0.946024
0.0126099 0.0102318 0.411658 0.985146 0.931927
0.0129526 0.0102215 0.412965 1.00608 0.926341
0.0131785 0.0101318 0.415539 1.03568 0.923216
0.0130571 0.00992246 0.419614 1.05647 0.926098
0.0130249 0.00975148 0.414958 1.05868 0.928396
0.0128134 0.00963037 0.410941 1.0482 0.930998
0.0124825 0.00956964 0.412112 1.03674 0.933093
0.012235 0.00967021 0.408693 1.01812 0.938627
0.0120304 0.00983086 0.405397 1.00287 0.945968
0.0118274 0.010066 0.401784 0.979638 0.949921
0.0114719 0.0106654 0.397926 0.961091 0.970865
0.0111432 0.0112298 0.397351 0.946671 0.987386
0.0109528 0.0117398 0.392421 0.946987 1.00723
0.0106644 0.0123927 0.390516 0.963774 1.03864
0.010419 0.0128653 0.390593 0.97697 1.0632
0.0102958 0.0132664 0.389106 0.985227 1.08301
0.0101938 0.0134919 0.391798 0.99914 1.09564
0.0101487 0.013631 0.396769 1.00429 1.10087
0.0101999 0.0136223 0.403994 1.00033 1.09255
0.0102882 0.0133968 0.411918 0.99026 1.07457
0.0103649 0.0129596 0.41873 0.983475 1.05043
0.0104445 0.0121048 0.425673 0.969227 1.00897
0.0104704 0.0110727 0.428889 0.957388 0.967841
0.010393 0.0104706 0.425618 0.954794 0.952997
0.0102406 0.0100478 0.417503 0.972175 0.958779
0.0100489 0.0095908 0.408764 0.986412 0.964665
0.00994451 0.0095995 0.402417 1.00015 0.979414
0.00995953 0.00976819 0.401641 1.0254 0.989161
0.00990368 0.00986973 0.399205 1.0398 1.0004
0.0104135 0.0100989 0.384184 0.961614 1.03144
0.0104135 0.0100989 0.384184 0.961614 1.03144
0.0104263 0.010029 0.378987 0.937878 1.03629
0.01072 0.0101465 0.385673 0.972491 1.03173
0.0110933 0.0102505 0.390628 1.00234 1.02294
0.0114033 0.0102736 0.391834 1.01971 1.01067
0.0118098 0.0102838 0.394755 0.985636 0.97652
0.0120908 0.0102954 0.397238 0.972309 0.958444
0.012285 0.0102157 0.403809 0.983805 0.945971
0.0126777 0.0102435 0.402826 1.01012 0.944914
0.0126448 0.0101752 0.403264 1.0257 0.951862
0.0124602 0.00996628 0.405848 1.04031 0.95586
0.0124843 0.00980146 0.398908 1.03591 0.956033
0.0122985 0.00964011 0.398433 1.03442 0.957505
0.0119627 0.00962297 0.400326 1.02489 0.960923
0.0117296 0.00977868 0.398553 1.01258 0.969298
0.0115917 0.00990628 0.396516 0.994809 0.968128
0.0114589 0.0100812 0.395613 0.979261 0.966273
0.0111133 0.0106244 0.395729 0.962031 0.980844
0.0109059 0.0110958 0.391898 0.957726 0.996981
0.0107321 0.0113846 0.39011 0.958494 1.00749
0.0104557 0.0118439 0.390123 0.974291 1.03292
0.0103023 0.0122243 0.388959 0.982847 1.05207
0.0102015 0.012362 0.39021 0.980585 1.05867
0.0101277 0.0124564 0.394707 0.986929 1.06365
0.0101535 0.0124511 0.401447 0.986135 1.05691
0.0102261 0.0123467 0.410092 0.98449 1.04355
0.0102895 0.0120443 0.416411 0.981316 1.02654
0.0103966 0.0113976 0.424851 0.970031 0.990284
0.0104464 0.0108866 0.428875 0.962788 0.96407
0.0104086 0.0102449 0.42796 0.953253 0.941501
0.0103069 0.0100278 0.42193 0.957121 0.947465
0.0101909 0.00981814 0.414778 0.974778 0.959382
0.0100505 0.00965364 0.406782 0.981223 0.970526
0.0100533 0.00969016 0.405601 1.00104 0.975875
0.0100533 0.00969016 0.405601 1.00104 0.975875
0.0104266 0.0101603 0.389843 0.960134 1.02808
0.0104266 0.0101603 0.389843 0.960134 1.02808
0.0104718 0.0101633 0.391493 0.961235 1.03068
0.0106579 0.0101676 0.392311 0.982069 1.03491
0.0109151 0.0101538 0.392488 1.0091 1.02522
0.0112005 0.0101456 0.392174 1.00458 1.0036
0.0115327 0.0101674 0.392254 0.98149 0.97772
0.011795 0.0102676 0.388901 0.972573 0.972396
0.0119467 0.0102499 0.393914 0.990167 0.968888
0.0119709 0.0102403 0.398257 1.00909 0.972759
0.0120846 0.0102584 0.388869 1.01636 0.98556
0.0119528 0.0100393 0.390655 1.01958 0.983638
0.0117973 0.00979115 0.39352 1.01958 0.979196
0.0117577 0.00963769 0.385565 1.0233 0.987234
0.0115116 0.00969709 0.387803 1.01531 0.989477
0.011315 0.00980181 0.390712 1.00501 0.988185
0.0111508 0.00999652 0.395209 0.98834 0.982539
0.0110235 0.0101879 0.392708 0.980198 0.983702
0.0108403 0.0105209 0.389284 0.973024 0.992622
0.0106443 0.0108148 0.391998 0.963822 0.996434
0.0104657 0.0109642 0.389494 0.974162 1.00798
0.0102831 0.011208 0.387237 0.9872 1.02497
0.0101618 0.0113672 0.390099 0.980753 1.03135
0.0100882 0.0113046 0.392603 0.974465 1.02907
0.0100566 0.0112596 0.39679 0.9725 1.02527
0.010109 0.0112261 0.403699 0.970166 1.01528
0.0102099 0.0110303 0.413998 0.973036 0.997591
0.0103086 0.0106703 0.422866 0.971431 0.974162
0.0103803 0.01053 0.427075 0.973192 0.960686
0.0103639 0.010182 0.426805 0.971463 0.949567
0.0103194 0.00999028 0.424066 0.968308 0.948575
0.0102428 0.0098769 0.418409 0.960131 0.953724
0.0101829 0.00982198 0.412521 0.980643 0.969078
0.0101152 0.00975753 0.408254 0.993495 0.975675
0.0101152 0.00975753 0.408254 0.993495 0.975675
0.0104266 0.0101603 0.389843 0.960134 1.02808
0.0104718 0.0101633 0.391493 0.961235 1.03068
0.0104371 0.0101367 0.395973 0.972532 1.02829
0.010616 0.0101044 0.395347 0.994145 1.02576
0.0107472 0.0100176 0.391771 1.00912 1.01972
0.0109622 0.00993516 0.386885 0.989771 1.00092
0.0112425 0.0100051 0.384515 0.976809 0.988267
0.0113383 0.0102505 0.385749 0.97611 0.990405
0.0113634 0.0103229 0.389124 0.991374 0.997452
0.0114445 0.0103317 0.384687 1.00285 1.00708
0.011431 0.0102407 0.380505 0.997465 1.01105
0.0113133 0.0100191 0.3797 0.99174 1.00917
0.011233 0.0098328 0.375471 0.994085 1.01291
0.0111953 0.00968581 0.381584 1.00895 1.00779
0.0110353 0.00971008 0.383587 1.0064 1.01043
0.0109476 0.00980895 0.388873 1.00203 1.00078
0.010796 0.0100025 0.39105 0.988194 0.997389
0.0106936 0.0101553 0.389769 0.98124 0.995075
0.0105912 0.0101697 0.389692 0.980293 0.988413
0.0104011 0.0104141 0.390642 0.9777 0.994821
0.010242 0.010466 0.388021 0.990715 1.00495
0.0100689 0.0102142 0.38568 0.988826 1.0055
0.00996474 0.0102975 0.38844 0.982394 1.00886
0.00993543 0.0102419 0.391931 0.972209 1.00402
0.00997854 0.0102247 0.398383 0.966979 0.995159
0.0100743 0.0102236 0.406697 0.963984 0.983554
0.0101394 0.0101691 0.415132 0.978641 0.982096
0.0102172 0.010233 0.422521 1.00814 0.975886
0.0102547 0.0100562 0.424929 1.01004 0.965555
0.0102603 0.00996076 0.423094 1.00137 0.964452
0.0102148 0.00990498 0.418386 0.988128 0.968137
0.0101868 0.00990491 0.413199 0.977725 0.971854
0.0101829 0.00982198 0.412521 0.980643 0.969078
0.0101152 0.00975753 0.408254 0.993495 0.975675
0.0104371 0.0101367 0.395973 0.972532 1.02829
0.0103722 0.0100682 0.3983 0.979946 1.02315
0.010469 0.00998391 0.395289 0.997495 1.01867
0.0105762 0.00984025 0.387712 0.992951 1.01165
0.0106706 0.00975738 0.380517 0.979043 1.00501
0.0107355 0.0100596 0.384142 0.978198 1.0053
0.0107929 0.01028 0.383373 0.982715 1.01539
0.0108291 0.0104061 0.38112 0.986722 1.02679
0.0107949 0.0103132 0.379839 0.981163 1.02826
0.0107724 0.010179 0.372585 0.970818 1.03272
0.0107489 0.0100174 0.367448 0.966625 1.03531
0.0107254 0.00984148 0.378485 0.987311 1.02367
0.010663 0.00974774 0.379968 0.995104 1.02636
0.0106045 0.00972419 0.380395 0.997144 1.02841
0.0105778 0.00981451 0.385905 0.995227 1.01503
0.0105078 0.00991231 0.390097 0.98776 1.00385
0.0104247 0.00997445 0.392436 0.982241 0.9939
0.0103279 0.00992067 0.390559 0.985518 0.987297
0.0101993 0.00989591 0.389743 0.992932 0.989421
0.0100448 0.00977421 0.388232 0.998211 0.992535
0.00985241 0.00937615 0.384481 0.993316 0.990628
0.00981687 0.00930957 0.387317 0.980456 0.986695
0.0098437 0.00935533 0.392662 0.967859 0.981258
0.00993755 0.00945702 0.399985 0.960957 0.97262
0.00996141 0.00961854 0.405609 0.980749 0.987776
0.00999542 0.00977278 0.411853 1.01014 0.999152
0.0100981 0.00985439 0.42078 1.04754 0.985968
0.0101589 0.00992827 0.420743 1.03875 0.984389
0.0101847 0.00998463 0.417366 1.0152 0.984182
0.0101711 0.00999334 0.412629 0.988098 0.981266
0.0101868 0.00990491 0.413199 0.977725 0.971854
0.0103722 0.0100682 0.3983 0.979946 1.02315
0.0103722 0.0100682 0.3983 0.979946 1.02315
0.0104896 0.0098729 0.392951 1.00092 1.00887
0.0104978 0.00978382 0.387328 0.986702 1.00637
0.010465 0.00990016 0.384824 0.979362 1.0173
0.0104882 0.0101574 0.384946 0.980994 1.0231
0.0104652 0.0103491 0.378816 0.992696 1.0377
0.0104648 0.0103377 0.377378 0.988842 1.0416
0.0104982 0.0102535 0.375468 0.971077 1.03676
0.0104941 0.0100723 0.37062 0.961563 1.0344
0.0104353 0.00985347 0.367578 0.969446 1.04393
0.0103882 0.00969496 0.372691 0.984552 1.04224
0.0104062 0.00967967 0.379543 0.989914 1.0344
0.0103787 0.00974209 0.383974 0.988265 1.03108
0.0103329 0.00983312 0.388487 0.98411 1.0208
0.0103216 0.00993981 0.392133 0.985215 1.00272
0.0102591 0.00992932 0.391804 0.99076 0.992489
0.0101674 0.00989418 0.391012 1.00197 0.98966
0.0100195 0.00978443 0.388501 1.01638 0.99403
0.00984653 0.00948235 0.385 1.01613 0.994762
0.00974565 0.00930076 0.383791 1.00715 0.997047
0.00975909 0.00924638 0.387656 0.996117 0.993503
0.00971219 0.00923187 0.389787 0.998473 0.999419
0.00976236 0.00933946 0.39578 1.00271 1.00136
0.00989695 0.00972455 0.403249 1.00007 1.01168
0.00993872 0.0100297 0.408357 0.994635 1.00403
0.0100447 0.0100716 0.415661 1.02455 0.991428
0.0101482 0.0100496 0.417345 1.02893 0.985213
0.0101711 0.00999334 0.412629 0.988098 0.981266
0.0101711 0.00999334 0.412629 0.988098 0.981266
0.0104896 0.0098729 0.392951 1.00092 1.00887
0.0103983 0.009891 0.393834 0.998799 1.00953
0.0103326 0.0098799 0.391867 0.98871 1.01204
0.0103145 0.0100513 0.389249 0.983102 1.02652
0.0102672 0.0102402 0.382852 0.99208 1.0411
0.0102061 0.0103462 0.376928 0.999873 1.04909
0.0102509 0.010279 0.377016 0.981493 1.04125
0.0102696 0.0101169 0.37546 0.97041 1.034
0.0102589 0.00993041 0.373271 0.965222 1.03405
0.0101833 0.00970311 0.370392 0.980301 1.04897
0.0101962 0.00960879 0.377108 0.991267 1.0457
0.0102285 0.00963771 0.385773 0.994406 1.03444
0.0101787 0.00972925 0.388166 0.988876 1.0338
0.0102081 0.00989667 0.391191 0.981531 1.01438
0.010209 0.0099744 0.393091 0.994787 0.997836
0.0101339 0.00993548 0.392094 1.00799 0.992716
0.010002 0.00981323 0.389327 1.02395 0.994416
0.00986555 0.00965264 0.385951 1.03246 0.996651
0.00972595 0.00944736 0.383225 1.02332 1.00091
0.00970184 0.00933038 0.384825 1.02151 1.0043
0.00969563 0.00924691 0.387591 1.01718 1.00472
0.00964149 0.00922223 0.389126 1.02332 1.01284
0.00978206 0.00955292 0.3958 1.00181 1.01165
0.00992475 0.00997474 0.403115 0.988941 1.01242
0.00992518 0.010225 0.407245 0.987113 1.00144
0.0100551 0.0101426 0.411847 1.0092 0.990981
0.0101482 0.0100496 0.417345 1.02893 0.985213
0.0103983 0.009891 0.393834 0.998799 1.00953
0.0103056 0.0100558 0.393347 1.00064 1.0242
0.0103056 0.0100558 0.393347 1.00064 1.0242
0.0102612 0.0101692 0.389812 0.998388 1.0345
0.0102105 0.0102793 0.387382 1.00576 1.03882
0.0101384 0.0102423 0.382289 1.00356 1.03879
0.0101201 0.010138 0.37887 0.993107 1.03427
0.0101367 0.00999393 0.377618 0.978256 1.03216
0.0101177 0.00978685 0.377723 0.992193 1.03951
0.0101077 0.00958145 0.380854 1.01533 1.04621
0.010072 0.00946532 0.385357 1.01781 1.04931
0.0101057 0.00962034 0.39075 1.00719 1.03602
0.0101626 0.00986926 0.394509 0.986155 1.01639
0.0101595 0.0100281 0.395292 0.97222 1.0023
0.0101114 0.0100416 0.393802 0.999399 0.996443
0.0100183 0.00998638 0.391282 1.02277 0.995565
0.00990389 0.00985437 0.387588 1.03373 0.994152
0.00979059 0.00970074 0.38523 1.0291 0.997451
0.00971216 0.00956793 0.384583 1.02531 1.00439
0.00968935 0.00944209 0.386085 1.03801 1.01395
0.00973491 0.00947157 0.390122 1.0292 1.01178
0.00984044 0.00961742 0.395522 1.00601 1.00303
0.00989609 0.00985235 0.399615 0.976987 0.998556
0.00998653 0.01004 0.404913 0.980203 0.991823
0.00998653 0.01004 0.404913 0.980203 0.991823
0.0100551 0.0101426 0.411847 1.0092 0.990981
0.0103056 0.0100558 0.393347 1.00064 1.0242
0.0103056 0.0100558 0.393347 1.00064 1.0242
0.0102105 0.0102793 0.387382 1.00576 1.03882
0.0101612 0.0102007 0.391646 1.01107 1.02975
0.010092 0.0101736 0.386738 1.00955 1.02992
0.0100564 0.010083 0.382897 1.00034 1.02977
0.0100706 0.00992474 0.382896 0.996257 1.02999
0.0100804 0.00972051 0.386997 1.02191 1.03529
0.0100521 0.00957909 0.391297 1.02812 1.03963
0.0100521 0.00957663 0.392868 1.01762 1.03545
0.0101125 0.0097947 0.396783 0.997509 1.01832
0.0101266 0.00998415 0.398304 0.980062 1.00313
0.0101174 0.0100613 0.397177 0.975653 0.993188
0.0100492 0.0100579 0.394111 1.00424 0.992294
0.00994928 0.00995591 0.390667 1.02061 0.990457
0.00988987 0.00987865 0.388993 1.02129 0.992955
0.00981661 0.00978458 0.388655 1.01682 0.999763
0.0097768 0.00972703 0.388247 1.0263 1.00732
0.00980052 0.00968267 0.391135 1.03092 1.01213
0.00990293 0.00983221 0.396386 1.00763 1.00345
0.00984044 0.00961742 0.395522 1.00601 1.00303
0.00998653 0.01004 0.404913 0.980203 0.991823
0.00998653 0.01004 0.404913 0.980203 0.991823
0.0102612 0.0101692 0.389812 0.998388 1.0345
0.0101612 0.0102007 0.391646 1.01107 1.02975
0.0100669 0.0101249 0.390381 1.01465 1.0231
0.0100669 0.0101249 0.390381 1.01465 1.0231
0.0100394 0.0100462 0.388203 1.00671 1.02277
0.0100394 0.0100462 0.388203 1.00671 1.02277
0.0100758 0.00978426 0.397974 1.01467 1.01764
0.0100758 0.00978426 0.397974 1.01467 1.01764
0.0100819 0.00981992 0.399009 1.00203 1.01386
0.0100992 0.00992723 0.400451 0.987281 1.00452
0.0101118 0.00997849 0.399257 0.979403 0.992478
0.0100723 0.0100222 0.396966 0.988433 0.988042
0.0100112 0.0100328 0.394383 1.0037 0.986637
0.0100112 0.0100328 0.394383 1.0037 0.986637
0.00991929 0.00993174 0.394779 1.0147 1.00397
0.00991929 0.00993174 0.394779 1.0147 1.00397
0.00986904 0.00988392 0.392854 1.02469 1.00991
0.00986904 0.00988392 0.392854 1.02469 1.00991
0.00990293 0.00983221 0.396386 1.00763 1.00345
0.00989609 0.00985235 0.399615 0.976987 0.998556
0.0100669 0.0101249 0.390381 1.01465 1.0231
0.0100394 0.0100462 0.388203 1.00671 1.02277
0.0100394 0.0100462 0.388203 1.00671 1.02277
0.0100394 0.0100462 0.388203 1.00671 1.02277
0.0100758 0.00978426 0.397974 1.01467 1.01764
0.0100758 0.00978426 0.397974 1.01467 1.01764
0.0100819 0.00981992 0.399009 1.00203 1.01386
0.0101118 0.00997849 0.399257 0.979403 0.992478
0.0100723 0.0100222 0.396966 0.988433 0.988042
0.0100112 0.0100328 0.394383 1.0037 0.986637
0.0100112 0.0100328 0.394383 1.0037 0.986637
0.00991929 0.00993174 0.394779 1.0147 1.00397
0.00991929 0.00993174 0.394779 1.0147 1.00397
0.00991929 0.00993174 0.394779 1.0147 1.00397
0.00986904 0.00988392 0.392854 1.02469 1.00991
0.0100758 0.00978426 0.397974 1.01467 1.01764
0.0100758 0.00978426 0.397974 1.01467 1.01764
0.0100819 0.00981992 0.399009 1.00203 1.01386
0.0100992 0.00992723 0.400451 0.987281 1.00452
0.0101118 0.00997849 0.399257 0.979403 0.992478
0.0100723 0.0100222 0.396966 0.988433 0.988042
0.0100112 0.0100328 0.394383 1.0037 0.986637
0.0100112 0.0100328 0.394383 1.0037 0.986637
