spec
HbO
deoxyHb
Water
S-Amplitude
S-Power
0.00992745 0.0101655 0.409048 0.998321 0.971737
0.00992745 0.0101655 0.409048 0.998321 0.971737
0.00991142 0.0101351 0.406213 0.999309 0.974126
0.00994743 0.0101205 0.403925 1.00054 0.978171
0.0100197 0.0101157 0.403369 1.00193 0.983953
0.0101088 0.0101541 0.404834 1.00133 0.983909
0.0101824 0.0101956 0.406748 0.999679 0.979848
0.0101824 0.0101956 0.406748 0.999679 0.979848
0.0099515 0.0103511 0.418248 0.998668 0.985969
0.00994815 0.0103148 0.420175 0.99968 0.990727
0.00994815 0.0103148 0.420175 0.99968 0.990727
0.00994815 0.0103148 0.420175 0.99968 0.990727
0.00992745 0.0101655 0.409048 0.998321 0.971737
0.00992745 0.0101655 0.409048 0.998321 0.971737
0.00991142 0.0101351 0.406213 0.999309 0.974126
0.0100197 0.0101157 0.403369 1.00193 0.983953
0.0101088 0.0101541 0.404834 1.00133 0.983909
0.0101824 0.0101956 0.406748 0.999679 0.979848
0.0101824 0.0101956 0.406748 0.999679 0.979848
0.0102287 0.010229 0.405198 0.990661 0.943811
0.0102287 0.010229 0.405198 0.990661 0.943811
0.0102287 0.010229 0.405198 0.990661 0.943811
0.0102138 0.0102183 0.403752 0.991532 0.944835
0.00966836 0.0102201 0.411068 0.999774 0.992098
0.00984174 0.0103199 0.414717 0.998876 0.988327
0.0099515 0.0103511 0.418248 0.998668 0.985969
0.0099515 0.0103511 0.418248 0.998668 0.985969
0.00994815 0.0103148 0.420175 0.99968 0.990727
0.00994815 0.0103148 0.420175 0.99968 0.990727
0.00992745 0.0101655 0.409048 0.998321 0.971737
0.00992745 0.0101655 0.409048 0.998321 0.971737
0.00991142 0.0101351 0.406213 0.999309 0.974126
0.00994743 0.0101205 0.403925 1.00054 0.978171
0.0100197 0.0101157 0.403369 1.00193 0.983953
0.0101088 0.0101541 0.404834 1.00133 0.983909
0.0101824 0.0101956 0.406748 0.999679 0.979848
0.0101824 0.0101956 0.406748 0.999679 0.979848
0.0102287 0.010229 0.405198 0.990661 0.943811
0.0102287 0.010229 0.405198 0.990661 0.943811
0.0102138 0.0102183 0.403752 0.991532 0.944835
0.0102138 0.0102183 0.403752 0.991532 0.944835
0.0101831 0.0102575 0.402817 0.995239 0.955052
0.010093 0.0102789 0.399287 0.99962 0.966717
0.00970273 0.0102056 0.411172 1.0022 0.998611
0.00970273 0.0102056 0.411172 1.0022 0.998611
0.00969252 0.0102673 0.412984 0.9983 0.988089
0.00984174 0.0103199 0.414717 0.998876 0.988327
0.00980526 0.0103178 0.417382 0.99849 0.987583
0.00975237 0.0102733 0.419608 0.999405 0.991802
0.00967641 0.0102001 0.419095 1.00052 0.994255
0.00965684 0.0101163 0.413238 0.999617 0.984417
0.00964677 0.0100396 0.406768 0.999707 0.977372
0.00964252 0.0100133 0.403603 0.999968 0.975574
0.0097343 0.0100152 0.400095 1.00111 0.97875
0.00983557 0.0100284 0.399326 1.00229 0.983515
0.00995925 0.01007 0.400514 1.00292 0.987363
0.0100443 0.0100932 0.400962 1.00252 0.988364
0.0100857 0.0100989 0.401084 1.00059 0.981323
0.0101347 0.0101161 0.400802 0.997663 0.968873
0.0101987 0.010162 0.401879 0.994076 0.953525
0.0102058 0.0101825 0.401644 0.993698 0.950507
0.010234 0.0102458 0.403673 0.994467 0.952608
0.0101831 0.0102575 0.402817 0.995239 0.955052
0.0101807 0.0102812 0.402431 0.99785 0.961771
0.010041 0.0102912 0.397644 0.998296 0.965384
0.010041 0.0102912 0.397644 0.998296 0.965384
0.00963015 0.0101299 0.410851 1.00513 1.00636
0.00970273 0.0102056 0.411172 1.0022 0.998611
0.00970273 0.0102056 0.411172 1.0022 0.998611
0.00966836 0.0102201 0.411068 0.999774 0.992098
0.00969252 0.0102673 0.412984 0.9983 0.988089
0.00964826 0.0102647 0.41725 0.998751 0.989973
0.0095666 0.0102266 0.419894 0.999257 0.992169
0.00946652 0.0101552 0.420933 1.00099 0.998238
0.0094247 0.0100926 0.416208 1.00062 0.993271
0.00940108 0.0100094 0.41004 1.00007 0.984892
0.00940928 0.00994338 0.403301 1.00028 0.978444
0.00952293 0.00994966 0.398443 1.00071 0.978364
0.00965776 0.00997415 0.396549 1.00196 0.981659
0.00979371 0.0100223 0.398031 1.00297 0.986399
0.00991751 0.0100607 0.398548 1.00395 0.991572
0.00998846 0.0100679 0.397985 1.00328 0.990663
0.0100194 0.0100705 0.396802 1.00045 0.978953
0.0101205 0.0101182 0.398242 0.998494 0.968913
0.010207 0.0101796 0.400446 0.996675 0.95969
0.0102608 0.0102601 0.403205 0.997727 0.962351
0.0102316 0.010269 0.403177 0.997217 0.959735
0.0101807 0.0102812 0.402431 0.99785 0.961771
0.010093 0.0102789 0.399287 0.99962 0.966717
0.010041 0.0102912 0.397644 0.998296 0.965384
0.010041 0.0102912 0.397644 0.998296 0.965384
0.00995146 0.0103185 0.394519 0.995968 0.962435
0.00961034 0.0101003 0.410912 1.00605 1.00759
0.00963015 0.0101299 0.410851 1.00513 1.00636
0.00955918 0.0101223 0.408758 1.00351 1.00387
0.00951137 0.0101315 0.409183 0.999843 0.992454
0.00949038 0.0101527 0.411124 0.998013 0.986694
0.00945734 0.0101638 0.414845 0.997701 0.98561
0.00942268 0.0101698 0.42152 0.999504 0.992273
0.00936122 0.0101253 0.422083 1.00031 0.994032
0.0093252 0.0100871 0.419635 1.00063 0.992824
0.00924993 0.0100357 0.413976 1.00018 0.99024
0.00926745 0.00997747 0.406533 0.999453 0.981763
0.00934246 0.00995724 0.398977 0.998639 0.975229
0.00948236 0.00998861 0.39747 0.999125 0.975085
0.00961757 0.0100151 0.397171 1.00128 0.981669
0.00975945 0.0100566 0.397842 1.00333 0.989264
0.00991788 0.0101171 0.398484 1.00546 0.998017
0.0099858 0.0101539 0.398867 1.00361 0.991579
0.0100813 0.0102156 0.400365 1.00194 0.984329
0.0101999 0.0102293 0.400467 1.00185 0.978534
0.0102548 0.0102911 0.403 1.00126 0.974983
0.0102628 0.0103206 0.404362 1.0005 0.971105
0.0102065 0.0102916 0.402361 0.999335 0.964527
0.0101146 0.0102859 0.399747 0.999927 0.966494
0.00999573 0.0102647 0.395791 0.999486 0.966016
0.00988168 0.010238 0.390956 0.997675 0.962549
0.00995146 0.0103185 0.394519 0.995968 0.962435
0.00997871 0.0103665 0.39615 0.994944 0.962252
0.00983464 0.0102123 0.411401 1.00498 1.00207
0.00983464 0.0102123 0.411401 1.00498 1.00207
0.00961034 0.0101003 0.410912 1.00605 1.00759
0.00947843 0.010053 0.408818 1.00344 1.00064
0.00934352 0.0100008 0.409087 1.00017 0.990284
0.00929928 0.0100113 0.410057 0.997069 0.98053
0.00928374 0.0100245 0.414133 0.99639 0.977615
0.00926401 0.0100335 0.420773 0.99766 0.981952
0.00930176 0.0100658 0.426227 0.999292 0.986941
0.00929056 0.0100561 0.425376 1.00005 0.988184
0.00922599 0.0100113 0.420817 0.999898 0.986416
0.0092287 0.0100202 0.413714 0.998586 0.981887
0.00926998 0.00999946 0.405308 0.997266 0.974022
0.00931194 0.00999819 0.399468 0.997262 0.972012
0.0094515 0.0100282 0.398433 0.998304 0.974055
0.00959811 0.0100729 0.398687 1.00096 0.982891
0.00976185 0.0101411 0.399347 1.00328 0.9919
0.0099619 0.0102295 0.40184 1.00529 0.998521
0.0100634 0.0103055 0.403084 1.00444 0.994915
0.0101755 0.0103324 0.403526 1.004 0.989119
0.0102536 0.0103368 0.404597 1.00327 0.983043
0.0102872 0.0103722 0.406289 1.00319 0.980977
0.0102425 0.0103683 0.4048 1.00347 0.979358
0.0101679 0.0103407 0.40229 1.00261 0.974544
0.0100522 0.0103224 0.398983 1.00142 0.972076
0.00993692 0.0102963 0.394462 0.999322 0.967732
0.00991277 0.0103029 0.393208 0.996599 0.962937
0.00997871 0.0103665 0.39615 0.994944 0.962252
0.0102331 0.010426 0.407816 0.99418 0.963048
0.0102331 0.010426 0.407816 0.99418 0.963048
0.00972082 0.0101833 0.409176 1.00375 0.997403
0.00983464 0.0102123 0.411401 1.00498 1.00207
0.00965411 0.0101149 0.410814 1.00582 1.00534
0.00944351 0.0100043 0.40973 1.00326 0.996151
0.00924369 0.00990416 0.408949 0.999084 0.981332
0.00913359 0.00987152 0.409877 0.996386 0.973723
0.0091179 0.00987304 0.41477 0.995451 0.969912
0.00914916 0.00989244 0.42145 0.995688 0.969186
0.00921908 0.00992998 0.428489 0.997434 0.97342
0.00924802 0.00996753 0.430728 0.998752 0.978419
0.00925796 0.00999614 0.429305 0.999268 0.981022
0.00928617 0.0100259 0.421836 0.997541 0.975305
0.00929986 0.0100384 0.414394 0.99631 0.971095
0.00931 0.0100419 0.407273 0.995613 0.968233
0.00931533 0.0100442 0.401351 0.996091 0.969076
0.00944947 0.0101073 0.400523 0.998117 0.975827
0.00963499 0.0101957 0.401939 1.0005 0.984108
0.00987607 0.0103013 0.406291 1.00235 0.990398
0.0100357 0.0103793 0.407047 1.00445 0.996146
0.0101557 0.0104327 0.407304 1.00545 0.997437
0.0102404 0.0104382 0.409463 1.00356 0.988337
0.0102877 0.0104374 0.409544 1.004 0.985985
0.0102941 0.0104328 0.408462 1.00506 0.985815
0.0102238 0.0104158 0.405556 1.00613 0.986311
0.0101221 0.0103966 0.402611 1.00391 0.980585
0.0100331 0.0103857 0.400065 1.00065 0.973502
0.00999839 0.0103972 0.398642 0.997087 0.967242
0.0100099 0.0104027 0.398381 0.995397 0.964252
0.0100822 0.0104123 0.401022 0.994456 0.9629
0.0102331 0.010426 0.407816 0.99418 0.963048
0.0102815 0.0104012 0.409814 0.99616 0.968396
0.00955819 0.0101353 0.404405 1.0016 0.986512
0.00958017 0.0101393 0.406151 1.00244 0.991705
0.00972082 0.0101833 0.409176 1.00375 0.997403
0.00961613 0.0101063 0.4125 1.00539 1.00358
0.00944565 0.00999351 0.414568 1.00625 1.00586
0.0092998 0.00985587 0.421483 1.00484 0.997708
0.00924723 0.00979486 0.426641 1.00128 0.982798
0.00918609 0.00977123 0.429874 0.999006 0.975142
0.0092747 0.00979157 0.44086 0.999189 0.973101
0.00937056 0.00982905 0.449727 1.00046 0.975305
0.00951044 0.00992018 0.45172 1.00067 0.976504
0.00952075 0.00997554 0.448894 1.00058 0.9785
0.00946022 0.0100012 0.444295 0.999566 0.976828
0.00942933 0.0100278 0.435206 0.997476 0.970807
0.00933122 0.0100421 0.42353 0.995159 0.964858
0.00934744 0.0100498 0.417153 0.99524 0.964572
0.00949009 0.0101161 0.412217 0.996147 0.967571
0.00962185 0.0101939 0.409626 0.997673 0.973108
0.00971065 0.0102655 0.405688 0.999399 0.978732
0.00991195 0.0103594 0.408207 1.00135 0.984851
0.0100324 0.0103708 0.407744 1.00158 0.982852
0.0101072 0.0103466 0.405888 1.00146 0.976525
0.0101768 0.0103472 0.406983 1.00051 0.969916
0.0102013 0.0103012 0.406667 0.999755 0.963802
0.0101602 0.0102717 0.40475 1.00003 0.961656
0.0101776 0.0102874 0.405425 1.00087 0.964064
0.0101487 0.0103226 0.405143 1.00059 0.967067
0.0101159 0.0103744 0.403911 1.00156 0.974687
0.0101005 0.0103873 0.402988 0.998996 0.970592
0.0101638 0.0104228 0.404701 0.997778 0.972065
0.0102081 0.0104163 0.406048 0.996895 0.970805
0.0102815 0.0104012 0.409814 0.99616 0.968396
0.0102536 0.0103455 0.408864 0.997511 0.970782
0.0101788 0.0102945 0.406364 0.997234 0.968541
0.00955819 0.0101353 0.404405 1.0016 0.986512
0.00955819 0.0101353 0.404405 1.0016 0.986512
0.00958017 0.0101393 0.406151 1.00244 0.991705
0.00952132 0.0100997 0.40952 1.00449 1.00124
0.0093792 0.00998481 0.414365 1.006 1.00541
0.00925707 0.0098491 0.422784 1.00649 1.00385
0.00925864 0.00973222 0.438379 1.00684 0.999061
0.00928623 0.00969408 0.447102 1.00386 0.985132
0.00939183 0.00970046 0.459615 1.00324 0.979468
0.00957834 0.00975203 0.473928 1.00373 0.978609
0.00975436 0.00984926 0.477941 1.00422 0.980092
0.00980931 0.00992927 0.474776 1.0034 0.979582
0.00979743 0.00998605 0.46958 1.00232 0.978586
0.00971065 0.0100077 0.463141 1.00051 0.974356
0.00955192 0.0100331 0.449616 0.997486 0.967321
0.00941884 0.0100686 0.433759 0.994652 0.960858
0.00955185 0.0101286 0.426958 0.995022 0.961949
0.00966268 0.010198 0.421574 0.995718 0.964627
0.00974016 0.010254 0.414697 0.996363 0.966897
0.00982436 0.0103253 0.411085 0.998393 0.973317
0.00989634 0.0102953 0.407854 0.997376 0.966683
0.00999523 0.0102678 0.406881 0.996602 0.959724
0.0100584 0.010245 0.404592 0.996787 0.953687
0.0100759 0.0101525 0.403153 0.994685 0.941724
0.0100916 0.0100974 0.403106 0.993392 0.934419
0.0101029 0.0100883 0.403354 0.99379 0.933381
0.0101783 0.0101632 0.406692 0.996303 0.944432
0.0101985 0.010239 0.407712 0.998307 0.955754
0.0101902 0.0103133 0.407137 1.00039 0.967721
0.010278 0.0104044 0.410094 1.00159 0.979327
0.0103442 0.0104304 0.412089 1.00055 0.98072
0.0103627 0.010411 0.412478 0.999363 0.977838
0.0102536 0.0103455 0.408864 0.997511 0.970782
0.0101788 0.0102945 0.406364 0.997234 0.968541
0.0101788 0.0102945 0.406364 0.997234 0.968541
0.00946705 0.0101071 0.402321 1.00189 0.986362
0.00946705 0.0101071 0.402321 1.00189 0.986362
0.00940994 0.0100832 0.402319 1.00276 0.992203
0.00937635 0.010035 0.408032 1.00397 0.997369
0.00928403 0.00994442 0.415006 1.00564 1.00297
0.00915827 0.00982971 0.421524 1.00708 1.00663
0.00931081 0.00974512 0.442538 1.0081 1.00198
0.00944058 0.0096694 0.464767 1.00873 0.996388
0.00951156 0.00962682 0.479582 1.00772 0.98795
0.00984823 0.00971865 0.49736 1.0089 0.988947
0.0100289 0.00979454 0.509445 1.00899 0.988828
0.0101369 0.00987628 0.512826 1.0085 0.988196
0.010139 0.00996033 0.504917 1.00628 0.984554
0.0100655 0.0100023 0.497346 1.00443 0.980912
0.00992668 0.0100421 0.485216 1.00159 0.974572
0.00980819 0.0100766 0.463902 0.99816 0.966082
0.009708 0.0101392 0.447942 0.995969 0.961902
0.00975425 0.0102061 0.439264 0.995721 0.962245
0.00977419 0.010214 0.425234 0.994663 0.958499
0.00982678 0.0102361 0.41762 0.994935 0.95864
0.00986096 0.0102076 0.410993 0.99406 0.953395
0.00987092 0.010152 0.4051 0.992493 0.943793
0.00993395 0.0100952 0.403044 0.991231 0.933812
0.00995653 0.00997747 0.400069 0.98857 0.918194
0.00996002 0.00985927 0.397264 0.986777 0.904986
0.00999878 0.00985205 0.398776 0.98667 0.90373
0.0101056 0.00990572 0.403429 0.98864 0.911264
0.0102508 0.0100068 0.409188 0.993668 0.927753
0.0102869 0.0101116 0.41068 0.996217 0.943244
0.0103764 0.0102625 0.414217 1.00028 0.965897
0.0104768 0.0103915 0.417663 1.00438 0.98639
0.0104595 0.0103768 0.416681 1.00234 0.982458
0.0103091 0.0103266 0.410736 0.999553 0.975223
0.010109 0.0102535 0.403087 0.997887 0.969366
0.0100911 0.0102476 0.402923 0.997843 0.969357
0.0100911 0.0102476 0.402923 0.997843 0.969357
0.00953593 0.0102045 0.400449 1.0022 0.983695
0.00942799 0.0101125 0.401355 1.00223 0.98501
0.00930375 0.0100423 0.401707 1.00307 0.990698
0.0092516 0.00996345 0.409276 1.00453 0.995671
0.00919351 0.00989505 0.4159 1.00573 1.00026
0.00913303 0.00980188 0.42476 1.00756 1.00534
0.00936842 0.00974648 0.447557 1.00893 1.00213
0.00959973 0.00969325 0.474084 1.01082 1.00055
0.00973464 0.00963613 0.495835 1.01144 0.995991
0.0100302 0.0096705 0.525057 1.01347 0.998946
0.0103555 0.00976927 0.541716 1.01445 1.00012
0.0104741 0.00984582 0.54791 1.01382 0.998977
0.0104908 0.00992615 0.545888 1.01168 0.994762
0.0104627 0.0100035 0.536863 1.00919 0.990186
0.0103373 0.0100546 0.520739 1.00609 0.983348
0.0101514 0.0100969 0.497115 1.00202 0.973569
0.0100466 0.0101426 0.476584 0.998956 0.966337
0.00994676 0.0101963 0.460369 0.996866 0.96221
0.00984172 0.0101694 0.439494 0.993894 0.952744
0.00983181 0.0101481 0.424573 0.992221 0.946254
0.00986046 0.0101196 0.416838 0.99123 0.941188
0.00986387 0.0100691 0.409943 0.989824 0.932671
0.0098512 0.00995943 0.402865 0.986832 0.917363
0.00986633 0.00983262 0.399056 0.983538 0.899965
0.00985882 0.00969533 0.394858 0.98123 0.884388
0.00988476 0.00960782 0.393466 0.979784 0.875164
0.00996671 0.00962386 0.396843 0.980229 0.877162
0.0101196 0.00971488 0.40295 0.984889 0.891941
0.0103183 0.00987282 0.411155 0.990641 0.913468
0.0104259 0.0100203 0.415515 0.994612 0.935091
0.0105266 0.0101714 0.419157 0.999806 0.959726
0.0105462 0.0103124 0.420057 1.00362 0.979746
0.0104496 0.0102905 0.416177 1.0011 0.974738
0.0102364 0.0102214 0.407838 0.998985 0.968212
0.00999719 0.0101977 0.398905 0.997299 0.96739
0.0099477 0.0102034 0.397526 0.997481 0.970064
0.00985588 0.0102021 0.39381 0.996828 0.971752
0.00963847 0.0102669 0.401093 1.00193 0.982244
0.00953593 0.0102045 0.400449 1.0022 0.983695
0.00931783 0.010089 0.400684 1.00346 0.989331
0.00914522 0.00995775 0.40453 1.00456 0.994563
0.00910072 0.00984393 0.417169 1.00654 0.999301
0.0092072 0.00978059 0.432659 1.00813 1.00135
0.0094535 0.00974192 0.453886 1.00964 1.00055
0.00974059 0.0097076 0.483999 1.0125 1.00274
0.0100558 0.00971431 0.509629 1.01461 1.00391
0.0104078 0.00975453 0.536255 1.01677 1.00657
0.0106028 0.00974431 0.573501 1.01905 1.01047
0.0108204 0.00984374 0.579014 1.01866 1.00988
0.0109674 0.0099604 0.574125 1.01695 1.00691
0.0108745 0.0100036 0.578698 1.0146 1.00154
0.010779 0.0100701 0.556208 1.01093 0.993452
0.0106294 0.0101317 0.525173 1.00649 0.983228
0.0103567 0.0101597 0.50761 1.00235 0.973101
0.010233 0.0101729 0.484985 0.999117 0.964555
0.0101105 0.0101525 0.46025 0.995659 0.954252
0.00994089 0.0101036 0.439028 0.991973 0.942308
0.0098876 0.0100453 0.425331 0.989584 0.932413
0.00985977 0.00997748 0.415002 0.987412 0.922184
0.00982126 0.00984223 0.405449 0.983661 0.904404
0.00979564 0.00969007 0.398537 0.97973 0.88481
0.00977055 0.00953813 0.392743 0.976088 0.866164
0.00977061 0.00945037 0.390599 0.973568 0.856088
0.00984208 0.00939104 0.39139 0.973503 0.851031
0.00995831 0.00941136 0.395093 0.975461 0.855305
0.0101494 0.0096044 0.40365 0.980291 0.87711
0.0103708 0.00975368 0.412304 0.987003 0.900419
0.0105372 0.00990759 0.418715 0.992969 0.924167
0.0106266 0.0101118 0.422588 0.997627 0.948895
0.0105384 0.0101825 0.419257 0.999765 0.961599
0.0103692 0.0101883 0.412766 0.99944 0.96475
0.0100812 0.0101634 0.401964 0.996656 0.960965
0.00988889 0.0101581 0.394969 0.996381 0.965832
0.00985588 0.0102021 0.39381 0.996828 0.971752
0.00982407 0.0102341 0.392072 0.996308 0.974336
0.00963847 0.0102669 0.401093 1.00193 0.982244
0.00963847 0.0102669 0.401093 1.00193 0.982244
0.00941761 0.0101779 0.400289 1.00249 0.985586
0.00916042 0.0100141 0.403563 1.00355 0.98944
0.00906012 0.00988819 0.412977 1.00522 0.994406
0.00925886 0.00978248 0.438151 1.00792 0.996974
0.00948232 0.0097025 0.467418 1.01126 1.00142
0.00975651 0.00966834 0.494301 1.01366 1.00276
0.0102185 0.00972591 0.524218 1.0165 1.00747
0.0106062 0.00977744 0.552913 1.01902 1.01207
0.0108612 0.00978661 0.586089 1.02126 1.0155
0.0111365 0.00985938 0.608744 1.02241 1.01869
0.0113078 0.00996094 0.614166 1.0215 1.01765
0.0113028 0.010031 0.615267 1.01939 1.01316
0.0112117 0.0101024 0.59492 1.0158 1.0052
0.011044 0.0101573 0.56168 1.01111 0.994136
0.0108145 0.0101971 0.539386 1.00686 0.983973
0.0105679 0.0101795 0.511085 1.00219 0.970684
0.0103716 0.0101481 0.485184 0.998039 0.958313
0.0101836 0.0100565 0.458781 0.993364 0.942557
0.0100031 0.00997768 0.437941 0.989205 0.927893
0.00987686 0.00986227 0.422165 0.985318 0.91164
0.00983549 0.00974253 0.411947 0.981884 0.895574
0.00976516 0.00958002 0.400255 0.977226 0.875328
0.009716 0.00943044 0.392747 0.973064 0.856885
0.00966384 0.00923234 0.386131 0.9683 0.8351
0.00968991 0.00915484 0.385052 0.966678 0.826853
0.0097981 0.00916962 0.388174 0.967746 0.828118
0.00998338 0.00929022 0.395175 0.971741 0.841835
0.0101858 0.00946646 0.40376 0.977286 0.864201
0.0104124 0.00963063 0.4125 0.983593 0.885861
0.0105591 0.00985972 0.418627 0.990061 0.913393
0.0105939 0.0100488 0.420051 0.99509 0.938931
0.0104894 0.0101414 0.415755 0.998514 0.956493
0.010228 0.0101366 0.405944 0.996609 0.956225
0.00996967 0.0101867 0.396602 0.995762 0.964744
0.00981482 0.0102066 0.391121 0.994942 0.968636
0.00982407 0.0102341 0.392072 0.996308 0.974336
0.00982407 0.0102341 0.392072 0.996308 0.974336
0.00975289 0.0103152 0.402933 1.00124 0.980258
0.00975289 0.0103152 0.402933 1.00124 0.980258
0.00955104 0.0102484 0.400877 1.00158 0.983646
0.00928619 0.0101042 0.403238 1.00239 0.986096
0.00910321 0.00994621 0.411831 1.0038 0.988355
0.00931964 0.0098428 0.435575 1.00608 0.989465
0.0095297 0.00973243 0.467613 1.01002 0.995236
0.00980139 0.00965426 0.503474 1.01449 1.00288
0.0103007 0.0097231 0.532728 1.01732 1.00743
0.0107267 0.00977649 0.566449 1.02034 1.01367
0.0111006 0.00983322 0.597064 1.02293 1.01963
0.0114233 0.00991474 0.619864 1.02439 1.02361
0.0116131 0.00999212 0.637102 1.0245 1.02485
0.0117081 0.0100664 0.645155 1.02349 1.02341
0.0116579 0.0101501 0.626362 1.0202 1.01646
0.0114809 0.0101954 0.600292 1.01591 1.00613
0.0112566 0.0102228 0.569304 1.01111 0.994035
0.0110266 0.0102145 0.539593 1.0065 0.981187
0.0107437 0.0101707 0.511004 1.00151 0.9663
0.0104607 0.0100922 0.484613 0.996345 0.949666
0.0102435 0.00997065 0.457837 0.991178 0.931656
0.0100297 0.00981503 0.436389 0.98572 0.910129
0.0098387 0.00964287 0.417442 0.980163 0.887711
0.0097546 0.00948204 0.403939 0.975331 0.867755
0.00968219 0.00934114 0.394363 0.97097 0.850655
0.00962163 0.00918344 0.386714 0.966587 0.832457
0.00956917 0.00895664 0.380223 0.961454 0.807964
0.00965729 0.00897459 0.382482 0.961597 0.807795
0.00980324 0.00905234 0.387729 0.963699 0.814838
0.0100051 0.00917882 0.395275 0.968318 0.83002
0.0102258 0.00935261 0.403833 0.973738 0.849126
0.0104295 0.0095663 0.411934 0.980193 0.8735
0.0105629 0.00980887 0.417638 0.987078 0.903217
0.0105233 0.0099826 0.415708 0.993119 0.931051
0.0104029 0.0101422 0.410939 0.997508 0.956006
0.0101049 0.0102152 0.400155 0.996146 0.965256
0.00992532 0.0102561 0.393695 0.994555 0.968173
0.00982736 0.0102806 0.390511 0.993445 0.969373
0.00987041 0.0103024 0.392808 0.995638 0.97617
0.00987041 0.0103024 0.392808 0.995638 0.97617
0.00995703 0.010323 0.409731 1.00103 0.979671
0.00988046 0.0103311 0.406633 1.00119 0.9801
0.00972945 0.0102908 0.405164 1.00148 0.98299
0.00948615 0.0101946 0.40444 1.00127 0.983349
0.00931276 0.0100509 0.411859 1.00202 0.983315
0.0093495 0.00992471 0.431509 1.00439 0.985566
0.00953156 0.00981262 0.457781 1.0074 0.988774
0.00984064 0.00975148 0.491123 1.01149 0.995309
0.0102613 0.00975046 0.530069 1.01568 1.0033
0.0107314 0.00979453 0.56759 1.01928 1.01022
0.0111462 0.00982368 0.615861 1.02333 1.01945
0.0114879 0.00990295 0.638886 1.02505 1.0241
0.0117707 0.0100133 0.648577 1.02542 1.02697
0.0119056 0.0100943 0.655984 1.02471 1.0266
0.0119038 0.0101727 0.641637 1.02206 1.02115
0.0117957 0.0102178 0.618706 1.01855 1.01254
0.0115752 0.0102382 0.607464 1.01483 1.00311
0.0113324 0.0102378 0.573781 1.00991 0.989836
0.0110346 0.0102019 0.532309 1.0043 0.973975
0.0107301 0.0100996 0.500848 0.998586 0.955315
0.0104336 0.00996646 0.476089 0.992854 0.934725
0.0102004 0.00982984 0.452252 0.987481 0.914897
0.00996013 0.00963461 0.428265 0.981178 0.89111
0.00977529 0.00944034 0.409829 0.975267 0.867899
0.009669 0.00927336 0.396592 0.970192 0.847486
0.00957757 0.00912193 0.386886 0.965431 0.829214
0.00953221 0.00894107 0.380671 0.960857 0.808774
0.00955063 0.00885932 0.378577 0.95832 0.797702
0.0096609 0.00891414 0.381969 0.959347 0.801077
0.00983861 0.00893462 0.387605 0.960984 0.802961
0.0100457 0.00905704 0.395235 0.965367 0.81701
0.0102624 0.00933104 0.404722 0.972635 0.84575
0.0104726 0.00956798 0.412427 0.981134 0.876003
0.0105517 0.00978054 0.415429 0.988003 0.905065
0.0105587 0.0100532 0.415906 0.995897 0.943537
0.0104146 0.0102395 0.410587 0.999823 0.969617
0.0101662 0.010312 0.401349 0.999206 0.978655
0.00998189 0.0103381 0.394284 0.997719 0.979808
0.00992576 0.0103206 0.392953 0.995749 0.974187
0.0099388 0.0103172 0.394397 0.996042 0.974807
0.00999339 0.0103198 0.395718 0.9956 0.970881
0.010021 0.0103152 0.41233 1.00086 0.979186
0.00995703 0.010323 0.409731 1.00103 0.979671
0.00988006 0.0103124 0.409602 1.00146 0.981751
0.00965119 0.0102384 0.407824 1.00098 0.981593
0.00949396 0.0101245 0.413389 1.0012 0.980621
0.00944849 0.0100161 0.426215 1.00228 0.980726
0.00955881 0.00989268 0.450863 1.00546 0.984577
0.00983841 0.00984096 0.480348 1.00885 0.989414
0.0102117 0.00982346 0.513054 1.01243 0.995228
0.0106616 0.00983842 0.555268 1.01682 1.00423
0.0110899 0.00985669 0.6044 1.02118 1.01384
0.0114826 0.00990359 0.641452 1.02441 1.02178
0.011794 0.0100163 0.652185 1.02508 1.0255
0.0119762 0.0101062 0.657749 1.02467 1.02614
0.0120819 0.0101815 0.657513 1.02352 1.0245
0.0120159 0.0102326 0.631696 1.02017 1.01635
0.0118363 0.0102582 0.620451 1.01676 1.00771
0.0115813 0.0102479 0.598283 1.01248 0.996208
0.0112799 0.0102144 0.554093 1.00675 0.980244
0.0109743 0.0101206 0.52053 1.00102 0.961959
0.0106692 0.00999534 0.48982 0.995103 0.941748
0.0103765 0.00985339 0.466961 0.989388 0.920765
0.0101024 0.00964622 0.441626 0.982701 0.895796
0.00987464 0.0094446 0.418534 0.976356 0.871944
0.00970865 0.00925956 0.402168 0.970707 0.849597
0.00959006 0.00908162 0.390235 0.965291 0.828552
0.0095113 0.00892921 0.381609 0.960572 0.810036
0.00950037 0.00881641 0.377836 0.957106 0.795517
0.00957266 0.00881779 0.378845 0.956702 0.793011
0.00970276 0.0088517 0.382631 0.957775 0.794882
0.00989622 0.0088757 0.388809 0.959801 0.797477
0.0101147 0.00908833 0.397707 0.966171 0.820398
0.0103278 0.00936209 0.406619 0.974179 0.851101
0.0105293 0.0096032 0.413905 0.982914 0.882615
0.0106182 0.00990113 0.417477 0.991924 0.922713
0.0105954 0.0101586 0.416401 0.999784 0.960869
0.0104155 0.0103208 0.409604 1.00288 0.984058
0.0102149 0.0103682 0.401763 1.00226 0.988969
0.0100556 0.010365 0.395628 0.999862 0.984099
0.0100146 0.0103335 0.394962 0.997566 0.976026
0.00999339 0.0103198 0.395718 0.9956 0.970881
0.010039 0.010321 0.396862 0.995185 0.967443
0.010021 0.0103152 0.41233 1.00086 0.979186
0.010021 0.0103152 0.41233 1.00086 0.979186
0.0099509 0.0102823 0.412729 1.00114 0.979679
0.00977232 0.0102286 0.412322 1.0012 0.980166
0.00956268 0.0101507 0.412892 1.00109 0.980124
0.00952852 0.0100719 0.424552 1.00178 0.979986
0.00959633 0.00997984 0.444858 1.00391 0.982152
0.00975214 0.00990253 0.47037 1.00669 0.985443
0.0101056 0.00988926 0.499471 1.0097 0.989795
0.010521 0.00989248 0.537375 1.01361 0.997214
0.0109589 0.00990223 0.581467 1.01799 1.00631
0.0113842 0.00996145 0.60802 1.02095 1.01381
0.0116976 0.0100306 0.633085 1.02273 1.01917
0.0119456 0.0101146 0.649967 1.02343 1.02239
0.0120574 0.0101826 0.656097 1.02266 1.02181
0.0120918 0.0102322 0.648251 1.02089 1.01769
0.0120204 0.0102679 0.63342 1.0181 1.01065
0.0117635 0.0102578 0.596947 1.01335 0.998333
0.0114646 0.0102151 0.565191 1.00828 0.983881
0.0111564 0.0101536 0.532554 1.00289 0.967782
0.0108504 0.0100423 0.508415 0.997496 0.949718
0.0105512 0.00988824 0.478653 0.991427 0.928249
0.010257 0.00969565 0.449496 0.984905 0.904398
0.00997332 0.00946872 0.428969 0.977858 0.87699
0.00978225 0.00929721 0.409948 0.97217 0.856004
0.00962639 0.00913181 0.394494 0.966722 0.835859
0.0095271 0.00891409 0.384269 0.960802 0.811334
0.00951032 0.00884722 0.379951 0.958161 0.801153
0.00954312 0.00883611 0.378769 0.957021 0.79667
0.00961054 0.00878727 0.379357 0.955628 0.789342
0.00979075 0.00885833 0.385493 0.958261 0.796029
0.0100027 0.00898597 0.393344 0.962762 0.809687
0.0102326 0.00915873 0.40213 0.969004 0.829857
0.0104195 0.00944978 0.409914 0.977656 0.864424
0.0105742 0.00975905 0.416343 0.986894 0.902965
0.010694 0.0100454 0.420469 0.996611 0.943079
0.0105942 0.0102382 0.415486 1.00369 0.976786
0.010425 0.0103563 0.408358 1.00661 0.995655
0.0101974 0.0103529 0.398956 1.00295 0.987377
0.0100985 0.0103214 0.395822 0.999314 0.976216
0.010037 0.0103012 0.394816 0.995972 0.966821
0.010039 0.010321 0.396862 0.995185 0.967443
0.010039 0.010321 0.396862 0.995185 0.967443
0.00999762 0.01024 0.415251 1.00077 0.977259
0.00999762 0.01024 0.415251 1.00077 0.977259
0.00986946 0.0101856 0.415677 1.0012 0.978037
0.00961885 0.0101248 0.41545 1.0014 0.979644
0.00952231 0.0100548 0.423035 1.00185 0.979849
0.00956964 0.0100379 0.435134 1.00272 0.98139
0.00970505 0.00997977 0.456497 1.00484 0.983625
0.00995894 0.0099734 0.477628 1.0066 0.985422
0.0103075 0.00996128 0.507713 1.00956 0.989771
0.0106994 0.0099575 0.54728 1.01339 0.996984
0.0110869 0.00997955 0.587296 1.01682 1.004
0.0114814 0.0100437 0.61192 1.01937 1.01076
0.0117526 0.0101186 0.629314 1.02043 1.01462
0.011917 0.0101905 0.63357 1.02004 1.01495
0.0119987 0.010235 0.630389 1.01886 1.01259
0.0119923 0.0102648 0.628767 1.01714 1.00814
0.0118047 0.0102667 0.598008 1.01308 0.997598
0.0115788 0.0102279 0.56312 1.00874 0.985549
0.0112731 0.0101705 0.5346 1.00372 0.970862
0.0109713 0.010072 0.509853 0.998503 0.953951
0.0106872 0.00995121 0.486151 0.993393 0.936566
0.0104 0.00978273 0.457858 0.9875 0.915453
0.0101122 0.00956673 0.434576 0.980617 0.889157
0.00988853 0.00938402 0.416905 0.974601 0.866481
0.00971918 0.00923098 0.401057 0.969341 0.84723
0.00960227 0.00902793 0.389195 0.963543 0.823921
0.00955961 0.00895458 0.383402 0.960845 0.813612
0.00956711 0.00892751 0.381068 0.95922 0.807529
0.00962367 0.00884122 0.380835 0.956865 0.796155
0.00973002 0.00883618 0.383372 0.956917 0.793914
0.00991054 0.00900255 0.39064 0.961615 0.8103
0.0101302 0.00915229 0.398894 0.966884 0.826854
0.0103533 0.00932477 0.407198 0.97399 0.849918
0.0105316 0.00960833 0.414598 0.983025 0.885838
0.0106673 0.00990016 0.419524 0.992724 0.92552
0.0106531 0.010138 0.418946 1.0008 0.962063
0.0105534 0.0102759 0.413487 1.007 0.989396
0.0103799 0.0102954 0.404966 1.00722 0.992759
0.0101692 0.0102865 0.396365 1.00281 0.981692
0.0100582 0.0102498 0.392859 0.997858 0.966514
0.0100328 0.0102738 0.394189 0.995045 0.961596
0.0100328 0.0102738 0.394189 0.995045 0.961596
0.0102349 0.0102467 0.419421 0.99969 0.972667
0.0102349 0.0102467 0.419421 0.99969 0.972667
0.00996336 0.0101377 0.418559 1.00074 0.974602
0.00970187 0.0100644 0.418585 1.00144 0.977101
0.00947138 0.0100164 0.420219 1.00195 0.979831
0.0095322 0.0100435 0.429078 1.00242 0.981702
0.00967975 0.0100624 0.441429 1.0032 0.982899
0.0098897 0.010075 0.456952 1.00428 0.983878
0.0101651 0.0100553 0.481364 1.00641 0.985999
0.0104763 0.0100372 0.513719 1.00922 0.990086
0.0108098 0.0100278 0.550755 1.01233 0.995314
0.0111647 0.010053 0.591524 1.01533 1.00132
0.0114736 0.0101171 0.604068 1.0166 1.00491
0.0117243 0.0101912 0.601693 1.01673 1.00635
0.0118279 0.0102366 0.589588 1.01539 1.0036
0.0118526 0.0102651 0.59646 1.01424 1.00083
0.0118057 0.0102734 0.59965 1.01253 0.99625
0.0116215 0.0102329 0.56354 1.00864 0.985495
0.01136 0.0101762 0.534226 1.00412 0.972551
0.0110709 0.0101015 0.508028 0.999308 0.958076
0.0107858 0.00998889 0.483518 0.994261 0.941288
0.0105128 0.00985073 0.461247 0.98917 0.923246
0.0102504 0.0096946 0.440194 0.98378 0.903652
0.0100101 0.00951527 0.421046 0.977662 0.881203
0.00983481 0.00934435 0.406659 0.972195 0.860004
0.00970907 0.00921007 0.395497 0.967774 0.84282
0.0096652 0.00917414 0.389388 0.965788 0.836046
0.00964192 0.00909144 0.385439 0.963057 0.82503
0.00964921 0.00898742 0.383116 0.960099 0.812033
0.00971601 0.0088596 0.38324 0.957023 0.796765
0.00984854 0.00902671 0.388851 0.961171 0.812552
0.0100247 0.00923022 0.396306 0.966778 0.83308
0.0102632 0.0093464 0.404813 0.971544 0.846483
0.0104748 0.00952645 0.412429 0.979978 0.874534
0.0106247 0.00974686 0.418125 0.989017 0.908287
0.0106568 0.0100167 0.420171 0.997604 0.946877
0.0106061 0.0101423 0.416842 1.00356 0.97103
0.0105006 0.0102076 0.410775 1.00726 0.986037
0.0103198 0.0102158 0.401448 1.00775 0.989631
0.01014 0.0101977 0.394124 1.00268 0.97558
0.0100192 0.0101924 0.390137 0.99783 0.96276
0.00997023 0.0102108 0.389805 0.994408 0.955278
0.00997023 0.0102108 0.389805 0.994408 0.955278
0.010134 0.0101434 0.41546 1.00042 0.975231
0.010134 0.0101434 0.41546 1.00042 0.975231
0.0100479 0.0101317 0.417288 1.00054 0.974479
0.00981486 0.0100557 0.415586 1.00185 0.979699
0.00957989 0.0100337 0.414424 1.00206 0.982345
0.00946587 0.0100469 0.416963 1.0023 0.985085
0.00950797 0.0100659 0.425512 1.00273 0.986565
0.00965202 0.0100678 0.437582 1.00308 0.984822
0.00983112 0.0100602 0.458717 1.00425 0.985227
0.0100945 0.0100404 0.485249 1.00639 0.987476
0.0104757 0.0100317 0.514494 1.0087 0.988958
0.0108571 0.0100486 0.54869 1.01121 0.992415
0.0112416 0.0100785 0.568696 1.01303 0.995046
0.0114948 0.0101326 0.580781 1.01363 0.99642
0.0116562 0.0101867 0.586258 1.01329 0.995987
0.011737 0.0102267 0.582949 1.01211 0.993404
0.0117709 0.0102277 0.581227 1.01087 0.989738
0.0116286 0.0102161 0.568424 1.00793 0.981874
0.0114148 0.0101746 0.537785 1.00389 0.970651
0.0111428 0.0101164 0.51022 0.999516 0.958471
0.0108644 0.0100213 0.484705 0.994766 0.943474
0.0105815 0.00992749 0.461973 0.990083 0.928735
0.0103076 0.00980641 0.443975 0.984945 0.911044
0.0100663 0.00964789 0.424544 0.979397 0.890965
0.00989264 0.00956786 0.409715 0.975739 0.878814
0.00975561 0.00944285 0.3988 0.971147 0.861351
0.00969857 0.00937648 0.39222 0.968471 0.850836
0.00967246 0.00933637 0.387535 0.966487 0.843437
0.00967352 0.00926666 0.385278 0.964089 0.833217
0.00971818 0.00916281 0.38474 0.961367 0.820303
0.00980201 0.00914807 0.3871 0.96115 0.817406
0.009973 0.00925247 0.393877 0.964725 0.828317
0.0101767 0.00940747 0.40173 0.970041 0.845616
0.0103376 0.00960431 0.408491 0.97744 0.872051
0.0104955 0.00972119 0.414456 0.984687 0.896351
0.0105749 0.00985039 0.417148 0.993095 0.926883
0.0105751 0.010058 0.41704 1.00062 0.959404
0.0104687 0.0101417 0.411937 1.00465 0.978475
0.0103048 0.0101779 0.403636 1.00651 0.988671
0.0101229 0.0101682 0.394023 1.00619 0.989744
0.00994337 0.0101386 0.385706 1.00224 0.97924
0.00992504 0.0101829 0.387208 0.99843 0.971323
0.0100115 0.0102968 0.39492 0.998245 0.981028
0.0100115 0.0102968 0.39492 0.998245 0.981028
0.010134 0.0101434 0.41546 1.00042 0.975231
0.010134 0.0101434 0.41546 1.00042 0.975231
0.0099051 0.0100676 0.413357 1.00189 0.981286
0.00970327 0.0100445 0.409815 1.00244 0.985455
0.009532 0.0100604 0.407865 1.00229 0.987497
0.00945951 0.0100707 0.413798 1.00283 0.990741
0.00948087 0.0100714 0.421397 1.00258 0.988852
0.00960997 0.0100637 0.434866 1.00289 0.986481
0.00978047 0.0100428 0.459794 1.00419 0.986696
0.0101329 0.0100378 0.480974 1.00539 0.984456
0.0105444 0.0100421 0.504165 1.0069 0.983003
0.010959 0.0100696 0.524741 1.00892 0.98581
0.011252 0.0101062 0.543605 1.01002 0.987335
0.0114936 0.0101397 0.558349 1.01048 0.987279
0.0116009 0.0101823 0.566243 1.0098 0.985607
0.0116597 0.0101882 0.56114 1.00863 0.982121
0.0116609 0.010175 0.54778 1.00679 0.97673
0.0114379 0.0101642 0.535281 1.00323 0.967472
0.0112134 0.0101252 0.512674 0.999688 0.958207
0.0109418 0.0100648 0.486422 0.995322 0.946173
0.0106569 0.0099747 0.461455 0.99079 0.932229
0.0103778 0.00987356 0.443316 0.985793 0.915859
0.0101363 0.00980837 0.428475 0.981519 0.902605
0.00994535 0.00973396 0.411771 0.978031 0.891541
0.00980477 0.00964322 0.400508 0.974047 0.877316
0.00971952 0.00961288 0.393644 0.971396 0.868378
0.0096915 0.0095767 0.388937 0.969486 0.860911
0.00970763 0.00953674 0.387353 0.967605 0.852762
0.0097293 0.00949504 0.386467 0.965883 0.845219
0.00976953 0.00947699 0.387097 0.964919 0.840924
0.00993348 0.00947814 0.392905 0.966414 0.841917
0.0100832 0.00949899 0.398582 0.968775 0.846675
0.0102231 0.00969732 0.405037 0.975317 0.870866
0.0103596 0.00979995 0.410542 0.981687 0.892528
0.0104285 0.00984193 0.41345 0.987558 0.912493
0.0104965 0.00998136 0.415608 0.996413 0.945045
0.0104055 0.0100548 0.411513 1.00079 0.965168
0.0102562 0.0101089 0.404408 1.00392 0.981624
0.0100857 0.0101384 0.395627 1.00553 0.990567
0.00990183 0.0101087 0.385677 1.00426 0.989114
0.0098811 0.0101565 0.384946 1.00223 0.986514
0.0100115 0.0102968 0.39492 0.998245 0.981028
0.0100115 0.0102968 0.39492 0.998245 0.981028
0.010134 0.0101434 0.41546 1.00042 0.975231
0.010134 0.0101434 0.41546 1.00042 0.975231
0.00999127 0.01011 0.411546 1.00166 0.981613
0.00980635 0.0100709 0.40639 1.00317 0.9893
0.00957922 0.010042 0.402265 1.00314 0.991836
0.00946342 0.0100543 0.403802 1.00306 0.993425
0.00939538 0.0100612 0.406197 1.00221 0.991555
0.00939158 0.0100597 0.414119 1.00147 0.988165
0.00959089 0.010044 0.432224 1.00222 0.985966
0.00992265 0.010028 0.449739 1.00297 0.981668
0.0102322 0.010038 0.469833 1.00388 0.979701
0.0105984 0.0100572 0.492552 1.00508 0.978453
0.0109477 0.0100878 0.513418 1.00642 0.979289
0.0112886 0.0101029 0.52701 1.00734 0.978803
0.0115069 0.0101243 0.535351 1.00739 0.977498
0.0116504 0.0101376 0.538988 1.00697 0.975511
0.0115536 0.0101677 0.536476 1.00497 0.971117
0.0114417 0.0101532 0.521331 1.00241 0.964423
0.0112827 0.0101316 0.502721 0.999754 0.957896
0.0110372 0.0100986 0.485317 0.996222 0.948693
0.0107405 0.0100272 0.46304 0.991352 0.934736
0.0104481 0.00993826 0.442111 0.986441 0.919609
0.0102224 0.00992956 0.427271 0.983496 0.912454
0.0100235 0.00989153 0.413953 0.979742 0.901485
0.00984931 0.00981935 0.400496 0.975853 0.888738
0.00975633 0.00988351 0.394347 0.974966 0.888485
0.00972938 0.00989347 0.390876 0.973378 0.883427
0.00973267 0.00987017 0.388419 0.971555 0.876124
0.00978496 0.00984557 0.389008 0.969902 0.868514
0.00982985 0.00983541 0.389977 0.969376 0.865484
0.00993237 0.00984784 0.39378 0.970371 0.866653
0.00999455 0.00986982 0.396982 0.971774 0.870538
0.0101487 0.0098843 0.402777 0.974786 0.877004
0.0102988 0.00998933 0.408867 0.980316 0.89505
0.010323 0.00996449 0.410802 0.984492 0.908701
0.010325 0.00996348 0.411112 0.989903 0.927334
0.0103121 0.0100234 0.410286 0.996161 0.950923
0.0101968 0.0100538 0.405309 0.999883 0.967964
0.00999954 0.0100633 0.395182 1.00306 0.984096
0.00981427 0.0100599 0.385417 1.00378 0.990149
0.00980848 0.0101461 0.385215 1.0031 0.994983
0.00992017 0.0102255 0.390418 1.00113 0.989348
0.0100115 0.0102968 0.39492 0.998245 0.981028
0.0100115 0.0102968 0.39492 0.998245 0.981028
0.0100487 0.0101492 0.408906 1.00105 0.981157
0.0100487 0.0101492 0.408906 1.00105 0.981157
0.0100487 0.0101492 0.408906 1.00105 0.981157
0.00991199 0.0101094 0.405009 1.00259 0.988163
0.00970052 0.0100627 0.399188 1.00351 0.994089
0.00949235 0.0100378 0.395772 1.00338 0.996101
0.00940729 0.0100448 0.396705 1.00231 0.993794
0.00935093 0.0100432 0.400435 1.00088 0.988975
0.00944499 0.0100403 0.408559 1.0003 0.98433
0.00970959 0.0100228 0.423229 1.00077 0.980193
0.0100236 0.0100228 0.442186 1.00159 0.977279
0.0103853 0.01004 0.461282 1.00257 0.97476
0.0107368 0.0100663 0.482713 1.00362 0.973555
0.0110889 0.0100694 0.497702 1.00438 0.971195
0.0114133 0.0100783 0.509374 1.00501 0.969672
0.0116095 0.0100861 0.515278 1.0048 0.967411
0.0115904 0.010113 0.515781 1.00334 0.963897
0.0114784 0.0101392 0.508381 1.00167 0.961119
0.011328 0.0101304 0.491208 0.999273 0.955761
0.0111065 0.0101238 0.475912 0.99605 0.948219
0.0108472 0.0100825 0.458919 0.992198 0.937845
0.0105583 0.0100304 0.440538 0.987876 0.926075
0.0103264 0.0100776 0.427614 0.985139 0.921513
0.010115 0.0100689 0.413385 0.982149 0.914105
0.00993666 0.010058 0.401998 0.979003 0.905658
0.00984163 0.0101751 0.396336 0.977938 0.90649
0.00977463 0.0102338 0.391422 0.977081 0.905817
0.00977462 0.0102457 0.389566 0.975893 0.901818
0.00982648 0.0102472 0.390502 0.974823 0.896961
0.00987938 0.0102695 0.392633 0.974823 0.896446
0.00994453 0.010288 0.395149 0.975196 0.896624
0.00999616 0.0102702 0.397569 0.975196 0.894481
0.0100869 0.0102907 0.401585 0.977201 0.899515
0.0102179 0.0102632 0.406821 0.980356 0.905797
0.0102368 0.0102166 0.408682 0.984139 0.917441
0.0102093 0.0100891 0.408507 0.986443 0.922138
0.0101989 0.0100669 0.408205 0.991539 0.939052
0.0100976 0.00999813 0.404336 0.995453 0.952448
0.00995025 0.010007 0.397326 0.999016 0.96878
0.0098089 0.0100389 0.389931 1.00179 0.983942
0.00980498 0.0101073 0.389372 1.00362 0.995517
0.00983341 0.0101842 0.390458 1.0024 0.996342
0.00995072 0.0102591 0.395857 1.00033 0.989802
0.00995072 0.0102591 0.395857 1.00033 0.989802
0.00995072 0.0102591 0.395857 1.00033 0.989802
0.0100487 0.0101492 0.408906 1.00105 0.981157
0.00993886 0.0101419 0.402251 1.00158 0.986499
0.00993886 0.0101419 0.402251 1.00158 0.986499
0.00983438 0.0100994 0.399384 1.00291 0.992126
0.00960022 0.0100425 0.392612 1.00348 0.997144
0.00943404 0.0100247 0.388915 1.00223 0.994884
0.00931387 0.0100227 0.387024 0.999895 0.988109
0.00947641 0.010021 0.394844 0.999277 0.982005
0.00961011 0.010014 0.404026 0.999037 0.978006
0.00979131 0.0100064 0.41641 0.999253 0.974979
0.0102023 0.0100236 0.433763 1.0003 0.971597
0.010607 0.0100412 0.451547 1.00145 0.969477
0.0110027 0.0100522 0.468091 1.00254 0.967517
0.0113087 0.0100452 0.482819 1.00289 0.96406
0.0115198 0.0100507 0.492715 1.00255 0.960242
0.0116321 0.0100635 0.497878 1.00169 0.956452
0.0115574 0.0100882 0.488655 1.00052 0.955236
0.0113974 0.0101082 0.477906 0.99853 0.95191
0.0111965 0.0101202 0.465234 0.995922 0.94671
0.0109371 0.0101317 0.452536 0.992368 0.938883
0.0106963 0.0101372 0.438526 0.98975 0.933863
0.0104692 0.010178 0.426025 0.987641 0.931357
0.0102247 0.0102556 0.413842 0.984304 0.925741
0.0100579 0.0103282 0.404462 0.982877 0.925261
0.00993657 0.0104457 0.397948 0.982204 0.927905
0.00985812 0.0105836 0.392984 0.98043 0.926725
0.00985262 0.0106558 0.391842 0.980439 0.928589
0.00988345 0.0107149 0.39286 0.980974 0.931338
0.00992714 0.0107594 0.395454 0.982199 0.935989
0.00998628 0.010781 0.397724 0.981747 0.933679
0.0100447 0.0107746 0.399918 0.980977 0.92922
0.0100908 0.0107156 0.401959 0.979833 0.921762
0.0101413 0.0106381 0.404994 0.982162 0.925899
0.0101578 0.0105305 0.407001 0.98484 0.931473
0.0101369 0.0103979 0.407426 0.986816 0.935261
0.0100825 0.0102334 0.40577 0.9887 0.937179
0.0100069 0.0100909 0.40316 0.991596 0.943625
0.00988178 0.00993677 0.398759 0.99502 0.952586
0.00982493 0.0100046 0.39588 0.997516 0.967138
0.0098128 0.0100797 0.394884 1.00027 0.982054
0.00981191 0.0101262 0.394061 1.00399 0.998196
0.00987947 0.0101889 0.396547 1.00206 0.993853
0.00987947 0.0101889 0.396547 1.00206 0.993853
0.00995072 0.0102591 0.395857 1.00033 0.989802
0.00995566 0.010134 0.401348 1.00066 0.983922
0.00995566 0.010134 0.401348 1.00066 0.983922
0.00995566 0.010134 0.401348 1.00066 0.983922
0.00990654 0.0100753 0.400355 1.00249 0.990835
0.00973474 0.0100246 0.395468 1.00337 0.995949
0.00957581 0.0100204 0.386609 1.00236 0.995084
0.00945617 0.010001 0.38058 1.00023 0.988849
0.00947129 0.00999131 0.382284 0.998748 0.982356
0.00962075 0.00998713 0.390101 0.998195 0.976758
0.0098023 0.00997698 0.399941 0.998326 0.973073
0.0101671 0.00998495 0.414759 0.999149 0.969203
0.0106326 0.0100107 0.433291 1.00069 0.966822
0.0110689 0.0100262 0.450742 1.002 0.96524
0.0114234 0.0100263 0.466512 1.00267 0.96238
0.0117096 0.0100295 0.477411 1.00262 0.958202
0.0118204 0.01004 0.483208 1.00185 0.954687
0.0117403 0.0100605 0.480407 1.00029 0.951561
0.0116383 0.010084 0.471371 0.998645 0.948827
0.0114466 0.0101032 0.461236 0.995846 0.942742
0.0112052 0.0101165 0.448906 0.992631 0.935917
0.0109003 0.0102058 0.437577 0.991036 0.937555
0.0106356 0.010283 0.425588 0.989323 0.93783
0.010397 0.0103482 0.413297 0.986401 0.933265
0.0102017 0.0105638 0.405249 0.985685 0.940058
0.0100535 0.0107803 0.398623 0.98547 0.947509
0.00996196 0.0109133 0.393256 0.984121 0.947849
0.00994094 0.0111528 0.394287 0.986267 0.962587
0.00996283 0.0113111 0.395492 0.987327 0.969971
0.0100116 0.0114385 0.397661 0.987851 0.974054
0.010061 0.0114746 0.400137 0.988459 0.976147
0.0101018 0.0114581 0.402543 0.988362 0.974597
0.0101405 0.0113996 0.40464 0.987586 0.968924
0.0101241 0.0112255 0.405184 0.986377 0.960248
0.0101182 0.0110194 0.406364 0.986829 0.955015
0.0100567 0.0107527 0.405465 0.986368 0.945079
0.0100224 0.0106075 0.405057 0.988308 0.948128
0.00994406 0.0103262 0.403328 0.989498 0.944728
0.0098341 0.0101383 0.3998 0.992309 0.95041
0.00981381 0.00998853 0.400186 0.994835 0.95482
0.0098004 0.0100073 0.400096 0.997801 0.967657
0.00981288 0.0100637 0.399803 1.00111 0.982591
0.00991178 0.0101327 0.4024 1.00176 0.98636
0.00998364 0.0101874 0.404514 1.00005 0.981945
0.00998364 0.0101874 0.404514 1.00005 0.981945
0.00998364 0.0101874 0.404514 1.00005 0.981945
0.0102196 0.0101484 0.408926 0.999798 0.976974
0.00996175 0.0100785 0.401106 1.00132 0.986323
0.00996175 0.0100785 0.401106 1.00132 0.986323
0.00990146 0.0100171 0.398537 1.0031 0.993965
0.00974692 0.010026 0.389083 1.00197 0.992936
0.0096266 0.0100085 0.380635 1.00042 0.988997
0.00954362 0.00997561 0.373835 0.998694 0.983375
0.00964602 0.00996162 0.378453 0.99783 0.977326
0.00985967 0.00994984 0.386421 0.997778 0.972062
0.0102071 0.00994574 0.398544 0.998609 0.967799
0.0106898 0.00997496 0.417574 1.00026 0.965337
0.0111902 0.00999502 0.436326 1.00183 0.963376
0.0116249 0.0100084 0.453123 1.00297 0.96134
0.0119433 0.0100111 0.464447 1.00308 0.957181
0.01206 0.0100232 0.469741 1.00247 0.95414
0.012065 0.0100367 0.47087 1.00133 0.951147
0.0119305 0.0100601 0.465731 0.999442 0.947714
0.0117562 0.010081 0.457788 0.996586 0.941134
0.0115061 0.010125 0.447795 0.993711 0.936018
0.0112006 0.0102052 0.436523 0.992204 0.937789
0.010874 0.0103353 0.424832 0.990458 0.940124
0.0105919 0.0104725 0.414101 0.988941 0.94294
0.0103846 0.0106505 0.405419 0.988035 0.948311
0.0102073 0.0109538 0.398938 0.987938 0.959245
0.0100799 0.0112972 0.395119 0.98892 0.974267
0.0100433 0.0115327 0.395866 0.991347 0.990392
0.0100498 0.0118212 0.397559 0.993265 1.0049
0.0100768 0.0120525 0.399618 0.994525 1.01488
0.0101334 0.0121991 0.402203 0.994945 1.01892
0.0101602 0.0122226 0.404607 0.995281 1.02023
0.0101752 0.0121605 0.406734 0.995477 1.01935
0.0101734 0.0120547 0.407776 0.9948 1.01496
0.0101324 0.011721 0.407678 0.992693 0.997764
0.0100655 0.0113657 0.406515 0.990341 0.979028
0.00997857 0.0110488 0.404659 0.988886 0.964167
0.00987802 0.0106458 0.402884 0.988511 0.952367
0.00980646 0.0103295 0.402013 0.989502 0.94735
0.00977723 0.010152 0.401768 0.991022 0.948099
0.00976903 0.0100408 0.403031 0.994942 0.957597
0.00983138 0.0100025 0.406134 0.998364 0.967055
0.00995179 0.010085 0.409755 1.00008 0.974749
0.0100312 0.0101441 0.41104 0.999354 0.973728
0.0100312 0.0101441 0.41104 0.999354 0.973728
0.0101488 0.0102061 0.417464 0.998701 0.973209
0.0102196 0.0101484 0.408926 0.999798 0.976974
0.0102196 0.0101484 0.408926 0.999798 0.976974
0.0102196 0.0101484 0.408926 0.999798 0.976974
0.0101298 0.0100934 0.404413 1.00179 0.986589
0.00999151 0.0100606 0.394867 1.00225 0.992203
0.00984966 0.01005 0.384819 1.00131 0.991864
0.00977449 0.0100049 0.376254 0.999632 0.986023
0.00977648 0.0099605 0.37212 0.998359 0.980295
0.00989113 0.00993324 0.375098 0.997657 0.97452
0.0103382 0.00993017 0.390484 0.999069 0.96977
0.0108729 0.00994166 0.407992 1.00104 0.967448
0.011414 0.00996429 0.426756 1.00289 0.965414
0.0120828 0.00997952 0.447251 1.00489 0.963074
0.0124372 0.00998605 0.461062 1.00546 0.960217
0.0126517 0.00999315 0.471698 1.00542 0.957715
0.0126399 0.0100198 0.472169 1.00376 0.952548
0.0125141 0.010029 0.468918 1.00147 0.947196
0.012349 0.010047 0.462746 0.998991 0.941903
0.0120285 0.0100941 0.453196 0.99655 0.939217
0.0116401 0.0102011 0.440276 0.993886 0.938189
0.0112718 0.0103371 0.427591 0.991803 0.939988
0.0108415 0.0105681 0.414207 0.989566 0.944436
0.0105979 0.0107588 0.405446 0.988927 0.951549
0.0103696 0.0110531 0.399223 0.98962 0.966097
0.0102128 0.0114739 0.396354 0.991878 0.98815
0.0101463 0.0119141 0.396412 0.994776 1.01159
0.0101223 0.0122908 0.397724 0.99765 1.03292
0.0101364 0.0127813 0.400326 1.00071 1.05736
0.010161 0.0130143 0.403016 1.00222 1.06868
0.0101952 0.0131863 0.405249 1.00246 1.07324
0.0102032 0.013296 0.406793 1.00189 1.07368
0.0102037 0.0130808 0.408532 1.00136 1.06628
0.0101818 0.0126328 0.409948 0.999911 1.04859
0.0100959 0.0120961 0.408177 0.995802 1.01985
0.00999069 0.011654 0.405905 0.99296 0.997957
0.00985686 0.0111091 0.403189 0.989451 0.972081
0.00974384 0.0106361 0.401294 0.988034 0.954599
0.00968914 0.0102948 0.402094 0.989398 0.948907
0.00966563 0.0101201 0.402708 0.991918 0.952355
0.00976623 0.0100303 0.407301 0.99501 0.959007
0.00991651 0.0100388 0.413409 0.99864 0.969054
0.010045 0.0101229 0.41641 0.999622 0.974138
0.0101488 0.0102061 0.417464 0.998701 0.973209
0.0101488 0.0102061 0.417464 0.998701 0.973209
0.0101488 0.0102061 0.417464 0.998701 0.973209
0.0104591 0.0102202 0.415318 0.998474 0.968763
0.0104591 0.0102202 0.415318 0.998474 0.968763
0.0103593 0.0101639 0.409793 0.999993 0.976825
0.0102304 0.0101192 0.402047 1.00182 0.987433
0.0100806 0.0100976 0.390198 1.00163 0.991344
0.00999952 0.0100537 0.379956 1.00063 0.989667
0.00994723 0.0100058 0.37218 0.999069 0.983788
0.0100187 0.00995358 0.370379 0.99816 0.977873
0.0104877 0.0099242 0.381554 0.999647 0.973023
0.0110219 0.0099276 0.39959 1.00159 0.968919
0.0115686 0.00994419 0.417245 1.00365 0.967819
0.0122938 0.00995837 0.439801 1.00616 0.96594
0.012975 0.00997556 0.459362 1.00803 0.964114
0.0133233 0.00997906 0.472902 1.00852 0.962023
0.0133862 0.0100005 0.476804 1.00733 0.957414
0.0131509 0.0100233 0.474192 1.00495 0.952217
0.0129546 0.0100322 0.468223 1.00202 0.945431
0.0126068 0.0100765 0.457703 0.998776 0.940069
0.0122309 0.0101495 0.446968 0.996473 0.939245
0.0118064 0.0102818 0.432777 0.99364 0.938764
0.0112887 0.0105256 0.418557 0.991184 0.943835
0.0108385 0.0108534 0.407232 0.990484 0.956184
0.0105766 0.0111549 0.400667 0.991386 0.972152
0.0103766 0.0116179 0.397541 0.994065 0.997681
0.0102475 0.0121035 0.396628 0.997373 1.02502
0.0102069 0.0125573 0.397388 1.00038 1.04892
0.010205 0.0131287 0.400163 1.00421 1.07901
0.0102142 0.0137761 0.402733 1.00766 1.1093
0.0102378 0.0140608 0.405555 1.00932 1.12271
0.0102449 0.0142457 0.407048 1.00882 1.12538
0.0102261 0.0140832 0.408751 1.00739 1.11598
0.0102111 0.0136056 0.410722 1.00611 1.09818
0.010133 0.0130373 0.409507 1.00227 1.06968
0.0100138 0.0123502 0.407322 0.997892 1.03656
0.00987179 0.011745 0.404154 0.993388 1.00623
0.00972912 0.011085 0.401561 0.988876 0.973573
0.00963087 0.0106205 0.400602 0.98775 0.956708
0.00960889 0.0102815 0.4025 0.989392 0.951652
0.00970711 0.0100855 0.408428 0.992212 0.954512
0.0098379 0.0100386 0.413945 0.995452 0.96233
0.00999601 0.0100793 0.419527 0.998641 0.971794
0.0101301 0.0101846 0.420965 0.998063 0.972479
0.0102404 0.0102519 0.422012 0.996335 0.968008
0.0102404 0.0102519 0.422012 0.996335 0.968008
0.0104591 0.0102202 0.415318 0.998474 0.968763
0.0104591 0.0102202 0.415318 0.998474 0.968763
0.0104419 0.0101747 0.407875 1.00007 0.977096
0.0103209 0.0101457 0.396975 1.0011 0.98563
0.0101835 0.0101219 0.384432 1.00121 0.990929
0.0101614 0.0100605 0.374209 1.00008 0.987896
0.0102669 0.0100115 0.373209 0.99937 0.981346
0.0105857 0.00996869 0.380475 0.999805 0.973976
0.0111904 0.00993074 0.390603 1.00226 0.972248
0.0118229 0.00993667 0.411074 1.00483 0.970476
0.0125641 0.00994946 0.436002 1.00791 0.969595
0.0132181 0.00997096 0.456452 1.01004 0.969463
0.0138795 0.00998645 0.472794 1.01123 0.966754
0.0143124 0.00999983 0.484089 1.01139 0.962982
0.0138406 0.010019 0.481283 1.00889 0.959868
0.0135675 0.0100359 0.475508 1.00599 0.953439
0.0133245 0.0100595 0.46714 1.00265 0.945733
0.0128857 0.0101194 0.452373 0.998168 0.937096
0.0123699 0.0102556 0.43896 0.995552 0.938638
0.0117601 0.0104598 0.424341 0.99299 0.943426
0.0112511 0.0107898 0.413964 0.993259 0.959547
0.0108756 0.0111876 0.404854 0.99363 0.976646
0.0105949 0.0116188 0.398359 0.994944 0.997333
0.0103843 0.0122106 0.395969 0.99839 1.0292
0.0103061 0.0127629 0.396794 1.00225 1.05997
0.010272 0.013327 0.398819 1.00619 1.09079
0.0102783 0.0139676 0.402718 1.01071 1.12576
0.0102832 0.0147319 0.404682 1.01373 1.15739
0.0102918 0.0151895 0.406705 1.01519 1.17492
0.0103013 0.0147495 0.411848 1.01574 1.16689
0.0102418 0.0145215 0.411292 1.01238 1.14799
0.0101739 0.0141206 0.410356 1.00878 1.12386
0.010051 0.0132367 0.408763 1.00417 1.08427
0.00990574 0.0124782 0.4056 0.99871 1.04657
0.00974941 0.0116918 0.402228 0.992456 1.00552
0.00959327 0.0109601 0.399591 0.986642 0.966486
0.0095983 0.0105897 0.401975 0.987893 0.959329
0.0096689 0.0102727 0.407297 0.990314 0.957414
0.00976303 0.0100167 0.414774 0.993256 0.95924
0.00991931 0.0100672 0.419334 0.995643 0.96665
0.0100763 0.0101586 0.421908 0.996528 0.970138
0.0102404 0.0102519 0.422012 0.996335 0.968008
0.0102404 0.0102519 0.422012 0.996335 0.968008
0.0104591 0.0102202 0.415318 0.998474 0.968763
0.0104591 0.0102202 0.415318 0.998474 0.968763
0.0105071 0.0102108 0.411029 0.99835 0.969325
0.0104842 0.010193 0.402122 0.999991 0.978311
0.0103564 0.0101782 0.389525 1.00066 0.986099
0.0103203 0.0101363 0.379193 1.00034 0.987096
0.0104431 0.0100782 0.374413 1.00032 0.984803
0.0107286 0.010025 0.379595 1.00057 0.978071
0.0112178 0.00998505 0.388579 1.00221 0.974062
0.0120468 0.00995124 0.405991 1.00578 0.973364
0.0129926 0.0099512 0.429692 1.0098 0.973966
0.013673 0.00997003 0.451811 1.01229 0.973813
0.0142065 0.0100065 0.471544 1.01394 0.974082
0.0146698 0.0100261 0.484469 1.01424 0.970835
0.0146532 0.0100348 0.487363 1.01243 0.965614
0.0142264 0.010053 0.483598 1.0098 0.961607
0.0139871 0.0100663 0.476331 1.00676 0.9542
0.0135751 0.0101115 0.463503 1.0027 0.946138
0.0129321 0.0102336 0.448101 0.999211 0.944013
0.0123106 0.0104324 0.432574 0.996267 0.947025
0.0117397 0.0107881 0.417392 0.994088 0.957295
0.0112745 0.0111407 0.407445 0.9944 0.973776
0.010887 0.0116275 0.399864 0.995899 0.998301
0.0106101 0.0122198 0.396629 0.9993 1.03118
0.0104156 0.0128742 0.395807 1.00364 1.06834
0.0103534 0.0134887 0.397859 1.00812 1.10329
0.0103413 0.0141348 0.40149 1.01277 1.13922
0.0103555 0.0146997 0.405985 1.01689 1.17022
0.0103519 0.0154731 0.407966 1.01981 1.20229
0.0103334 0.015687 0.410443 1.02056 1.21044
0.010317 0.0153263 0.413454 1.01965 1.19835
0.0102368 0.0148374 0.412631 1.01559 1.17076
0.0100596 0.014313 0.408216 1.00924 1.13438
0.00992651 0.0134547 0.405948 1.00408 1.09424
0.00979501 0.012461 0.403215 0.997507 1.04555
0.00964592 0.0116328 0.400726 0.991291 1.00229
0.00960899 0.0108708 0.401381 0.986991 0.966549
0.00967178 0.0104854 0.405576 0.988686 0.959874
0.00976037 0.0102026 0.412722 0.991504 0.960468
0.00990342 0.0100757 0.417776 0.994006 0.964201
0.0100595 0.0101502 0.421426 0.995927 0.971194
0.010179 0.0102238 0.422149 0.99641 0.972433
0.0102404 0.0102519 0.422012 0.996335 0.968008
0.0102404 0.0102519 0.422012 0.996335 0.968008
0.0105568 0.0102443 0.41327 0.996551 0.961771
0.0105568 0.0102443 0.41327 0.996551 0.961771
0.0105497 0.0102358 0.404484 0.998285 0.97081
0.0105207 0.0102248 0.39437 0.99978 0.979534
0.0104885 0.0102109 0.384699 1.0007 0.986035
0.0106184 0.0101557 0.379864 1.00095 0.984598
0.0108721 0.0100953 0.380579 1.00137 0.980857
0.0112594 0.0100374 0.386673 1.00232 0.976529
0.012062 0.01 0.405303 1.00587 0.975456
0.0131177 0.00997857 0.425756 1.01032 0.97642
0.0141712 0.00997583 0.447064 1.01467 0.978368
0.0146311 0.0100237 0.468182 1.01645 0.97998
0.0148109 0.0100616 0.481458 1.01654 0.979216
0.0148591 0.0100875 0.489331 1.01556 0.976306
0.0148647 0.0100831 0.489648 1.0133 0.969229
0.0146226 0.0100873 0.484153 1.01052 0.962493
0.014188 0.0101156 0.474584 1.00743 0.956931
0.013474 0.010217 0.459472 1.00415 0.955304
0.0128573 0.0104037 0.443219 1.00074 0.955251
0.0122872 0.0106723 0.426689 0.997533 0.958401
0.0117404 0.0111034 0.410538 0.99512 0.970022
0.0112411 0.0116551 0.402076 0.996935 0.999752
0.0108195 0.0122744 0.397327 1.00053 1.03675
0.0105694 0.0129686 0.395742 1.0051 1.07679
0.0104532 0.0136407 0.397383 1.01003 1.11602
0.0104041 0.0142512 0.40084 1.01495 1.15263
0.0104245 0.0146932 0.406666 1.01959 1.18251
0.0104189 0.015348 0.409798 1.023 1.21394
0.0104024 0.0159112 0.412087 1.02521 1.2378
0.0103749 0.0161244 0.413919 1.02524 1.24214
0.0103012 0.0154596 0.414796 1.02228 1.21491
0.0101746 0.0147466 0.41318 1.01738 1.17949
0.00995397 0.0144366 0.406414 1.00971 1.14371
0.00982869 0.0133762 0.403886 1.00265 1.08991
0.00972931 0.0122604 0.402372 0.995776 1.03581
0.00963908 0.0113518 0.401007 0.988885 0.98837
0.00968601 0.0107881 0.404748 0.988295 0.968874
0.00978389 0.0103883 0.409959 0.989667 0.960342
0.00993241 0.0101554 0.416233 0.992406 0.96138
0.010074 0.0101691 0.419814 0.994806 0.969114
0.0101974 0.0102224 0.421892 0.996311 0.974488
0.010292 0.0102887 0.422325 0.996812 0.976152
0.010292 0.0102887 0.422325 0.996812 0.976152
0.010455 0.0102617 0.404294 0.996818 0.968567
0.010455 0.0102617 0.404294 0.996818 0.968567
0.0104839 0.0102372 0.396987 0.997856 0.972567
0.0105052 0.0101982 0.384591 0.999894 0.981251
0.0105751 0.0101599 0.378126 1.00044 0.982962
0.010845 0.010098 0.377353 1.00132 0.980439
0.0113337 0.0100168 0.378635 1.00266 0.976112
0.0119664 0.00997354 0.3925 1.00517 0.97382
0.0127773 0.00996922 0.414576 1.00879 0.974148
0.0138528 0.00997538 0.437922 1.01355 0.978248
0.0149613 0.0100063 0.462058 1.01783 0.983626
0.0155492 0.0100431 0.482761 1.01986 0.985638
0.0158458 0.0100561 0.496978 1.02014 0.985074
0.0163767 0.0100405 0.504817 1.01936 0.978697
0.0164402 0.0100329 0.504622 1.01721 0.971503
0.0154893 0.010043 0.490013 1.01209 0.961693
0.0145487 0.0101205 0.473149 1.00771 0.956917
0.013539 0.0102575 0.453242 1.00302 0.954007
0.0128286 0.0104639 0.434479 0.998767 0.952645
0.0121899 0.0108341 0.417617 0.995979 0.961484
0.0114977 0.0113137 0.405005 0.995913 0.982794
0.0110083 0.0119261 0.396801 0.997986 1.0139
0.0106894 0.0126703 0.393679 1.00241 1.05528
0.010476 0.0134625 0.393021 1.0077 1.09991
0.0103844 0.0143451 0.395435 1.01409 1.14935
0.0103262 0.015532 0.396493 1.0193 1.20162
0.0103291 0.0161502 0.400772 1.02357 1.23498
0.0103766 0.0162916 0.408598 1.02781 1.25793
0.0103515 0.0165895 0.411646 1.02882 1.27134
0.0102873 0.0166402 0.412145 1.02709 1.2657
0.0101689 0.0160382 0.411026 1.02214 1.23262
0.00999249 0.0154006 0.406748 1.01542 1.19226
0.00984066 0.014082 0.4038 1.00681 1.12789
0.00968191 0.0129154 0.399558 0.996685 1.06076
0.00960865 0.0119145 0.398693 0.990189 1.01087
0.00964609 0.0109702 0.401648 0.98642 0.967562
0.00974222 0.0103902 0.407437 0.986123 0.945907
0.00989749 0.0101508 0.41349 0.9893 0.947384
0.0101076 0.010108 0.419434 0.994421 0.960473
0.01027 0.0101635 0.423577 0.997524 0.972485
0.0103654 0.0102383 0.423668 0.998195 0.973654
0.0103654 0.0102383 0.423668 0.998195 0.973654
0.0103641 0.0102774 0.400194 0.997767 0.976588
0.0103641 0.0102774 0.400194 0.997767 0.976588
0.0103985 0.010258 0.397301 0.997445 0.974089
0.0104371 0.0102199 0.38767 0.998759 0.978742
0.0105127 0.0101633 0.376938 0.999925 0.981261
0.0107301 0.0101042 0.375382 1.00059 0.978715
0.0111737 0.0100266 0.375364 1.00196 0.975253
0.0117881 0.00995905 0.37986 1.00397 0.971894
0.012533 0.00995522 0.401303 1.00732 0.971908
0.0134438 0.00996936 0.42537 1.01156 0.975814
0.0144937 0.00999935 0.450893 1.01642 0.98267
0.0156536 0.0100344 0.474645 1.02052 0.987869
0.0165061 0.0100407 0.494994 1.02295 0.99054
0.0169808 0.0100361 0.509401 1.02335 0.988879
0.0177164 0.00999952 0.516447 1.02253 0.980574
0.0167803 0.00999845 0.504321 1.01747 0.970126
0.0155225 0.0100191 0.484517 1.01087 0.957824
0.0143938 0.0101294 0.463569 1.00574 0.953475
0.0135064 0.010305 0.443261 1.0009 0.950549
0.0125921 0.0105557 0.424323 0.996907 0.952976
0.0118369 0.0109865 0.410644 0.99631 0.97172
0.0112632 0.0115551 0.400119 0.997074 0.997219
0.0108196 0.0122448 0.392156 0.999307 1.0298
0.0105531 0.0130394 0.389904 1.0041 1.07298
0.0103943 0.0140652 0.390105 1.01038 1.12646
0.0103052 0.0151719 0.39192 1.01708 1.18254
0.0102558 0.0164844 0.392902 1.0225 1.23861
0.0102963 0.016848 0.4011 1.02762 1.2703
0.0103362 0.0168675 0.408883 1.03105 1.28698
0.0102873 0.0172301 0.410242 1.03104 1.29778
0.0101758 0.0168174 0.409597 1.02637 1.27076
0.0100322 0.0161868 0.407135 1.01969 1.23086
0.00990296 0.0147815 0.405721 1.01294 1.17126
0.00971551 0.0136011 0.40035 1.0014 1.09939
0.00959643 0.0124238 0.397113 0.991444 1.03147
0.00959526 0.0113365 0.39823 0.986327 0.980624
0.00969046 0.0106103 0.403935 0.984587 0.948782
0.00988423 0.0101423 0.411928 0.986994 0.936277
0.0101104 0.0100425 0.418471 0.992825 0.948378
0.0102935 0.0100761 0.423572 0.996896 0.962692
0.0103994 0.0101738 0.425054 0.998905 0.971151
0.0104382 0.0102332 0.424165 0.998994 0.970339
0.0104382 0.0102332 0.424165 0.998994 0.970339
0.0103641 0.0102774 0.400194 0.997767 0.976588
0.0103196 0.0102636 0.395718 0.998714 0.981429
0.0103457 0.0102456 0.391026 0.999325 0.984029
0.0103929 0.0101862 0.380811 0.999604 0.982257
0.010568 0.0101113 0.373422 0.999775 0.977751
0.0108513 0.0100379 0.370287 1.00044 0.973842
0.0114126 0.00997731 0.376229 1.00221 0.969697
0.0121887 0.00994573 0.387674 1.0051 0.968511
0.0130344 0.00993945 0.406388 1.00871 0.969646
0.0141036 0.0099791 0.433815 1.01432 0.97916
0.0151886 0.0100118 0.459922 1.01902 0.986727
0.0162642 0.010026 0.485492 1.02308 0.99313
0.0175919 0.0100192 0.505233 1.02604 0.994824
0.0176835 0.0100027 0.511896 1.02472 0.989348
0.0169058 0.00999094 0.507669 1.02094 0.981222
0.0163653 0.00998513 0.494895 1.01635 0.9699
0.0153294 0.0100261 0.473479 1.00959 0.95678
0.014364 0.0101336 0.452182 1.00385 0.949163
0.013111 0.0103766 0.433054 0.999919 0.954135
0.0122358 0.0107082 0.41594 0.99699 0.962267
0.011548 0.011153 0.402256 0.995968 0.979076
0.0110116 0.0117547 0.392914 0.996893 1.00581
0.0106693 0.0125745 0.388099 1.00077 1.04669
0.0104187 0.0135219 0.385657 1.00579 1.09443
0.0102587 0.0147414 0.384623 1.01179 1.15219
0.0102339 0.0157058 0.389496 1.01887 1.2062
0.0102553 0.0164664 0.397299 1.02584 1.25449
0.0102374 0.0174311 0.400638 1.02897 1.29257
0.0102396 0.0173407 0.405941 1.02998 1.29683
0.0102048 0.0168812 0.409641 1.02825 1.28093
0.0101341 0.0160246 0.410936 1.02423 1.2458
0.00993952 0.0153447 0.405791 1.01477 1.19466
0.00975677 0.0142776 0.401125 1.00487 1.13188
0.00967543 0.0128782 0.399397 0.996296 1.06244
0.00961322 0.0117724 0.398206 0.987912 1.00099
0.00963134 0.0108432 0.400405 0.983098 0.95486
0.00979947 0.010275 0.406712 0.983737 0.931902
0.0100937 0.0100282 0.417508 0.990714 0.940162
0.0103332 0.00995307 0.425197 0.996681 0.953976
0.0104239 0.0101096 0.425701 0.998741 0.964771
0.010463 0.0101873 0.425307 0.9995 0.968457
0.0104382 0.0102332 0.424165 0.998994 0.970339
0.0103196 0.0102636 0.395718 0.998714 0.981429
0.010266 0.010247 0.390429 0.999825 0.987072
0.0103056 0.0102017 0.382696 1 0.98581
0.0103862 0.0101393 0.374229 0.999487 0.979328
0.0106013 0.010052 0.366453 0.999425 0.973167
0.0110587 0.00998931 0.36942 1.00072 0.9687
0.011625 0.00995737 0.378022 1.00214 0.964757
0.0124651 0.00994333 0.392324 1.0056 0.965871
0.0134624 0.00995311 0.412678 1.01045 0.972997
0.0146456 0.00998823 0.440204 1.01642 0.983261
0.0158437 0.0100007 0.466661 1.02147 0.991525
0.0171141 0.0100014 0.488748 1.02494 0.995075
0.0175645 0.00999868 0.502822 1.02593 0.995355
0.0170526 0.00997967 0.502693 1.02314 0.988568
0.0164694 0.00997073 0.493372 1.01895 0.978443
0.0156392 0.00997937 0.478386 1.01334 0.966484
0.014693 0.0100368 0.45704 1.00674 0.954257
0.0137629 0.0102012 0.438877 1.00184 0.951209
0.0125864 0.0104771 0.420492 0.998313 0.957938
0.0118569 0.0108396 0.404156 0.995546 0.966785
0.0112583 0.0113796 0.393133 0.99538 0.988801
0.0107795 0.0120273 0.386535 0.99738 1.02018
0.01049 0.0128658 0.384077 1.00213 1.06409
0.0102944 0.0139886 0.382836 1.00773 1.11807
0.0101813 0.0148994 0.384086 1.01298 1.16428
0.0102072 0.0155635 0.392802 1.02091 1.2145
0.0101902 0.0165967 0.396667 1.02502 1.25806
0.0101943 0.0170037 0.401899 1.02716 1.27804
0.0102015 0.0166168 0.407794 1.02715 1.27117
0.0101545 0.0160394 0.410318 1.02411 1.24727
0.0100398 0.0152305 0.409328 1.01811 1.20594
0.00985925 0.0144796 0.404451 1.00821 1.15001
0.00976709 0.0133783 0.40216 1.00007 1.09101
0.00971476 0.0121279 0.401264 0.992088 1.02685
0.0096658 0.0111163 0.40042 0.983942 0.968362
0.00979448 0.0104677 0.405372 0.983021 0.939028
0.0100159 0.0100961 0.413054 0.98756 0.934618
0.0103086 0.0099474 0.42357 0.995317 0.948345
0.0104256 0.0100047 0.426472 0.998464 0.957447
0.0104929 0.0101338 0.426661 1.00013 0.966338
0.010463 0.0101873 0.425307 0.9995 0.968457
0.0102185 0.0102167 0.38327 1.00079 0.990952
0.0102185 0.0102167 0.38327 1.00079 0.990952
0.010278 0.0101688 0.376683 1.00003 0.983351
0.0104229 0.0100828 0.366747 0.99933 0.975188
0.0106755 0.00999459 0.359617 0.999155 0.967951
0.0111327 0.00997262 0.367345 0.999648 0.962679
0.0117661 0.00997102 0.381439 1.00226 0.963771
0.0125347 0.00998209 0.399632 1.00621 0.969186
0.0137001 0.00997744 0.418895 1.01146 0.976563
0.0151629 0.00997999 0.443458 1.01773 0.985987
0.01655 0.00998074 0.467638 1.02322 0.994028
0.0165463 0.00999261 0.482302 1.0238 0.995814
0.0167308 0.00997324 0.489641 1.02331 0.992361
0.0166647 0.00994871 0.489598 1.0212 0.985295
0.0156844 0.00994681 0.476347 1.0155 0.973676
0.0146677 0.00999699 0.459017 1.00964 0.964056
0.0136964 0.0100942 0.440828 1.00408 0.956898
0.0129902 0.0102712 0.423092 0.999179 0.952713
0.0121825 0.0105954 0.406445 0.995707 0.959162
0.0114718 0.011013 0.392397 0.993556 0.972363
0.0109295 0.0115664 0.385367 0.994742 0.999228
0.010582 0.0122625 0.383062 0.998714 1.03724
0.0103347 0.0130515 0.382725 1.00367 1.07998
0.010199 0.0138619 0.383294 1.00829 1.1204
0.0101474 0.0146918 0.38707 1.01397 1.16661
0.0101362 0.0154563 0.392442 1.0194 1.20971
0.0101607 0.0158263 0.399249 1.02251 1.23182
0.0101615 0.0158716 0.404297 1.0231 1.23762
0.0101416 0.0156633 0.408167 1.02194 1.23054
0.0100822 0.0152242 0.409744 1.01817 1.20726
0.00998491 0.0143202 0.408643 1.01063 1.15492
0.0098929 0.0133329 0.406971 1.00259 1.09838
0.00978818 0.0123865 0.403695 0.994558 1.04522
0.00976986 0.0114188 0.403629 0.987194 0.989859
0.00981622 0.0106353 0.405581 0.982955 0.947977
0.00999376 0.0102107 0.411214 0.986469 0.937906
0.0102279 0.010047 0.419148 0.992657 0.945354
0.0104188 0.0100016 0.425387 0.99799 0.95527
0.0105069 0.0100599 0.427764 1.00045 0.96285
0.0105069 0.0100599 0.427764 1.00045 0.96285
0.0101891 0.010227 0.379501 1.00061 0.991721
0.0101891 0.010227 0.379501 1.00061 0.991721
0.010274 0.0101678 0.371851 0.999897 0.984076
0.0104206 0.0100862 0.36271 0.998878 0.975683
0.0106979 0.0100231 0.360474 0.998763 0.969894
0.0111621 0.00999115 0.366866 0.999424 0.965018
0.0117606 0.00995902 0.376061 1.00181 0.965095
0.0127693 0.0099603 0.394832 1.00654 0.971692
0.0137401 0.00997386 0.418484 1.01146 0.97789
0.0149887 0.00997056 0.439968 1.01705 0.986572
0.0155029 0.00996995 0.454359 1.01994 0.991458
0.0156138 0.00996815 0.466981 1.02073 0.99314
0.0159728 0.00992483 0.471684 1.02093 0.990999
0.0155494 0.0099183 0.468138 1.01764 0.98271
0.0146567 0.00992119 0.455215 1.01215 0.971526
0.0138243 0.00996442 0.439633 1.00676 0.962289
0.0130844 0.0100586 0.422617 1.00074 0.952781
0.0123676 0.0102779 0.405338 0.996205 0.951453
0.0116207 0.0106175 0.393431 0.993452 0.960043
0.0111028 0.0110179 0.383973 0.9917 0.971889
0.0106287 0.0115777 0.378441 0.993228 0.999252
0.0103461 0.0122316 0.377834 0.997056 1.03475
0.0101754 0.0130122 0.37826 1.00174 1.07508
0.0100652 0.0135993 0.381387 1.00615 1.109
0.0100321 0.0142892 0.386122 1.01129 1.14999
0.0100456 0.0147512 0.392509 1.01503 1.17745
0.0100629 0.0149032 0.39922 1.01684 1.18859
0.0100563 0.0149587 0.403909 1.01649 1.19113
0.0100288 0.0147845 0.407738 1.01275 1.17342
0.00996138 0.0141714 0.408549 1.00768 1.1395
0.00991358 0.0131651 0.408776 1.00121 1.08684
0.00988149 0.0123062 0.409714 0.992932 1.03331
0.00980954 0.0113736 0.407608 0.985203 0.980146
0.00987019 0.0107233 0.408586 0.983547 0.951461
0.0100519 0.0103293 0.414601 0.986379 0.944673
0.0102451 0.0100106 0.42085 0.990798 0.9411
0.0104267 0.0100019 0.426028 0.997001 0.955711
0.0105242 0.0100623 0.428454 1.00018 0.965391
0.0105242 0.0100623 0.428454 1.00018 0.965391
0.0101891 0.010227 0.379501 1.00061 0.991721
0.0101749 0.0102342 0.376124 0.999853 0.990154
0.010242 0.0101927 0.36969 0.99925 0.985689
0.0103904 0.0101364 0.36459 0.998177 0.978167
0.0107428 0.0100703 0.364163 0.998673 0.973676
0.0112122 0.0100052 0.36627 0.99974 0.969545
0.011728 0.00994315 0.370184 1.00119 0.965772
0.0125264 0.0099622 0.393778 1.00566 0.970975
0.0133302 0.00996517 0.412593 1.01002 0.977569
0.0140391 0.00995454 0.4269 1.01397 0.984309
0.0144268 0.00995561 0.440343 1.01624 0.988164
0.0148472 0.00991944 0.44789 1.01769 0.989748
0.0150547 0.00987722 0.450693 1.01793 0.989165
0.0143552 0.00988112 0.444011 1.01369 0.979821
0.0136901 0.00989541 0.432529 1.00884 0.969841
0.0130613 0.00993354 0.419872 1.00353 0.959401
0.0124357 0.0100355 0.403342 0.997424 0.949355
0.0118102 0.0102616 0.394254 0.993979 0.951042
0.0111509 0.0106038 0.385732 0.991833 0.960575
0.010705 0.0110335 0.375802 0.990282 0.973591
0.0103888 0.0115513 0.37325 0.991775 0.99743
0.0101441 0.0121458 0.373297 0.995016 1.02862
0.010008 0.0127486 0.375834 0.999469 1.0625
0.00994014 0.0132572 0.379938 1.00333 1.09329
0.00991899 0.0136916 0.385426 1.00721 1.1218
0.0099464 0.0138388 0.392904 1.01001 1.13591
0.00994738 0.013988 0.398396 1.01001 1.14123
0.00993953 0.0140137 0.403295 1.00803 1.13563
0.00990759 0.0138173 0.407026 1.00331 1.11306
0.00990533 0.0130231 0.409566 0.998362 1.07167
0.00988244 0.012076 0.41069 0.991863 1.02101
0.00985298 0.0112598 0.411925 0.982837 0.966204
0.00995691 0.0108028 0.413735 0.984434 0.953262
0.0100941 0.0103695 0.416994 0.986983 0.944494
0.0102903 0.00999942 0.423983 0.989814 0.93905
0.010429 0.0100008 0.427028 0.995242 0.953868
0.0105191 0.0100678 0.428445 0.999297 0.965648
0.0105242 0.0100623 0.428454 1.00018 0.965391
0.0101749 0.0102342 0.376124 0.999853 0.990154
0.0101493 0.0102446 0.373458 0.999037 0.989569
0.0101546 0.0102258 0.368842 0.999006 0.990805
0.0104114 0.0101673 0.367054 0.998833 0.985158
0.0107384 0.0101095 0.369658 0.998964 0.978736
0.0111244 0.0100356 0.370676 0.999854 0.973536
0.011562 0.00997664 0.375434 1.0009 0.967746
0.0122654 0.0099685 0.392301 1.00428 0.969679
0.0128559 0.00995542 0.405907 1.0079 0.975013
0.0134103 0.00992376 0.413699 1.01139 0.981724
0.0138683 0.00990151 0.422995 1.01383 0.986132
0.013973 0.00988315 0.429389 1.01436 0.987537
0.0138673 0.00984013 0.426487 1.01334 0.985101
0.0133486 0.00982845 0.418276 1.00974 0.977165
0.0127808 0.00984903 0.411974 1.00475 0.965644
0.0122051 0.00992497 0.400467 0.999344 0.955957
0.0117289 0.0100179 0.39113 0.994718 0.949043
0.0113156 0.0101771 0.384209 0.990581 0.945067
0.0108018 0.0105692 0.37672 0.989329 0.957547
0.0104153 0.0109693 0.373428 0.989357 0.972474
0.0101575 0.0114116 0.369825 0.989558 0.990024
0.00998769 0.0119602 0.372205 0.993731 1.02178
0.00986975 0.0123792 0.376161 0.997503 1.04807
0.00979718 0.0128112 0.378623 0.999169 1.06929
0.00981183 0.0130262 0.385714 1.00212 1.08651
0.00983474 0.0131273 0.392979 1.0035 1.09445
0.00986673 0.013114 0.400113 1.00215 1.08922
0.00986133 0.0129252 0.40487 0.998804 1.07157
0.00989129 0.0125793 0.410173 0.99531 1.0481
0.00994655 0.0119046 0.415596 0.989655 1.00671
0.00995701 0.0111425 0.417651 0.983801 0.96169
0.0100615 0.0107118 0.420898 0.984048 0.943708
0.0101928 0.0104172 0.422851 0.98729 0.941834
0.0103521 0.0101092 0.427164 0.990602 0.940924
0.0104754 0.0100394 0.428896 0.99542 0.953663
0.0105159 0.0100829 0.428623 0.998166 0.963821
0.0105191 0.0100678 0.428445 0.999297 0.965648
0.0101386 0.0102588 0.373966 0.998488 0.989836
0.0101386 0.0102588 0.373966 0.998488 0.989836
0.0101331 0.0102544 0.371697 0.998991 0.993774
0.0103851 0.0102098 0.374813 0.999077 0.988578
0.0106945 0.0101381 0.375891 0.999421 0.981923
0.0109136 0.010054 0.373342 0.999503 0.97439
0.011354 0.00999449 0.377849 1.00027 0.967451
0.0117394 0.00995567 0.383132 1.00198 0.967414
0.0122531 0.00993472 0.394191 1.00535 0.972544
0.0128067 0.00990232 0.400408 1.00883 0.980237
0.0129365 0.00988274 0.404391 1.01055 0.986105
0.0128922 0.00986557 0.408286 1.01047 0.98656
0.0127597 0.00981114 0.402853 1.00893 0.982183
0.0125192 0.00978088 0.401189 1.00617 0.974554
0.0119829 0.00981714 0.395716 1.00129 0.963828
0.0114803 0.00990099 0.386697 0.99662 0.95647
0.0111376 0.0100078 0.381217 0.991918 0.948279
0.0108809 0.0101554 0.378596 0.988911 0.944834
0.0104844 0.0105215 0.375612 0.988828 0.958022
0.010189 0.0109204 0.371572 0.988461 0.972214
0.0099975 0.0112294 0.370467 0.988845 0.984835
0.00986222 0.0116331 0.374394 0.993058 1.01214
0.00976784 0.0120361 0.376832 0.994819 1.03216
0.00971 0.0121912 0.380107 0.995311 1.03915
0.00974158 0.0122534 0.388034 0.997092 1.04688
0.00978882 0.0122209 0.39585 0.996253 1.04199
0.00983432 0.0121265 0.404002 0.99402 1.03148
0.00984358 0.0118684 0.408885 0.991402 1.0144
0.00991524 0.0113892 0.415635 0.986242 0.980275
0.0100176 0.0109964 0.421602 0.984194 0.957101
0.0101219 0.0105229 0.42577 0.983564 0.933447
0.0102726 0.01037 0.428363 0.98698 0.935419
0.010361 0.0102385 0.428098 0.990404 0.941317
0.0104882 0.0101069 0.429653 0.994994 0.952432
0.0105114 0.0101133 0.428811 0.996909 0.9598
0.0105114 0.0101133 0.428811 0.996909 0.9598
0.0101876 0.0102715 0.379216 0.99872 0.989505
0.0101876 0.0102715 0.379216 0.99872 0.989505
0.0102558 0.0102732 0.382656 0.999231 0.990864
0.0104317 0.0102439 0.384898 0.99985 0.990466
0.0105719 0.0101563 0.380486 0.999825 0.982822
0.0107471 0.0100648 0.375693 0.999111 0.972756
0.0110233 0.00998959 0.374265 0.998945 0.964958
0.01122 0.009943 0.372583 0.999786 0.966181
0.0116257 0.00993697 0.381405 1.00267 0.972635
0.0118902 0.00994138 0.388858 1.0052 0.980292
0.0120049 0.00988039 0.385903 1.00737 0.988156
0.0119375 0.00984694 0.387723 1.00648 0.984867
0.011852 0.00980648 0.389973 1.00489 0.978719
0.0117392 0.0097362 0.38636 1.00301 0.973744
0.0113063 0.00979507 0.381986 0.998299 0.963931
0.0109382 0.00988245 0.378929 0.993514 0.954194
0.0107132 0.0100316 0.380126 0.991084 0.950572
0.0104998 0.0102091 0.377916 0.989197 0.951348
0.0102363 0.0104889 0.374624 0.988255 0.959151
0.0100744 0.0107489 0.376062 0.989277 0.969843
0.0099125 0.0110163 0.37577 0.98998 0.983091
0.00977791 0.0113367 0.376836 0.991553 1.00071
0.00969494 0.0114318 0.37959 0.992761 1.00783
0.00968322 0.011424 0.384745 0.992306 1.00555
0.00971239 0.0114024 0.39165 0.991797 1.00222
0.00977204 0.0113323 0.399372 0.989967 0.99188
0.00982489 0.0111711 0.408327 0.986514 0.97602
0.00988153 0.0108869 0.415858 0.982775 0.954276
0.0100099 0.0107305 0.422644 0.983141 0.947213
0.0101539 0.0104495 0.428005 0.984284 0.935577
0.0103174 0.0102894 0.432209 0.987066 0.933058
0.0104681 0.0102082 0.434051 0.990624 0.93746
0.010471 0.0101883 0.429507 0.993864 0.949039
0.0105003 0.010148 0.428562 0.996121 0.956657
0.0105003 0.010148 0.428562 0.996121 0.956657
0.0101876 0.0102715 0.379216 0.99872 0.989505
0.0102558 0.0102732 0.382656 0.999231 0.990864
0.010321 0.0102936 0.391353 0.999934 0.990478
0.0104298 0.0102358 0.38918 1.00015 0.986604
0.0104135 0.0101578 0.380883 0.999803 0.981364
0.0104709 0.0100603 0.372059 0.998734 0.972898
0.0106736 0.00999847 0.369434 0.998977 0.970094
0.0107138 0.0100028 0.367765 0.998058 0.969914
0.0109085 0.010014 0.373307 0.999804 0.976234
0.0110771 0.0099771 0.374117 1.0021 0.984045
0.0111554 0.00991554 0.37404 1.00363 0.988184
0.0111224 0.00985278 0.375097 1.00331 0.985571
0.0110186 0.00979294 0.37351 1.00153 0.98021
0.0110397 0.00977013 0.379367 1.00009 0.973584
0.010799 0.00979759 0.379232 0.996777 0.966568
0.010666 0.0098774 0.382037 0.993768 0.957703
0.0104452 0.0100359 0.382099 0.991519 0.955539
0.0103032 0.0101895 0.382003 0.990429 0.956337
0.010212 0.0102912 0.383136 0.98982 0.956479
0.0100503 0.0105532 0.384002 0.990735 0.968018
0.00988215 0.0107469 0.382333 0.991003 0.978133
0.00973453 0.0107299 0.381296 0.989877 0.976432
0.0096763 0.0107893 0.384879 0.990505 0.980282
0.00970001 0.0107483 0.390743 0.9896 0.973387
0.00975564 0.0106838 0.39803 0.987973 0.963239
0.00985378 0.0106004 0.406983 0.986329 0.95312
0.00993728 0.0104966 0.417054 0.98526 0.947691
0.0100454 0.010506 0.425949 0.984527 0.946423
0.0101881 0.0103304 0.432381 0.985556 0.939593
0.0103341 0.0102375 0.434715 0.988589 0.939903
0.010474 0.0101937 0.435831 0.992013 0.94483
0.0104925 0.0102091 0.430841 0.994 0.95053
0.010471 0.0101883 0.429507 0.993864 0.949039
0.0105003 0.010148 0.428562 0.996121 0.956657
0.010321 0.0102936 0.391353 0.999934 0.990478
0.0103328 0.0103057 0.397309 1.00046 0.989218
0.0102977 0.0102397 0.389545 1.00021 0.984886
0.0102136 0.0101484 0.377925 0.999422 0.979891
0.0101232 0.010072 0.366935 0.998225 0.975446
0.0101181 0.0100917 0.364875 0.996354 0.973348
0.0101533 0.0100958 0.363902 0.996247 0.976058
0.0102158 0.0100839 0.363887 0.997084 0.980666
0.0103087 0.0100368 0.365366 0.998659 0.984812
0.010357 0.00994866 0.363909 0.999923 0.987387
0.0103913 0.00986346 0.36366 1.00056 0.987551
0.0104569 0.00985303 0.372057 0.999075 0.979086
0.0104393 0.00982202 0.37623 0.997844 0.97531
0.01041 0.00981012 0.380003 0.996535 0.971724
0.0103847 0.00988282 0.384909 0.994188 0.962902
0.0103432 0.00998086 0.389496 0.993427 0.959741
0.0102909 0.0100783 0.392918 0.993002 0.958215
0.0101927 0.0101575 0.39277 0.992045 0.957528
0.0100369 0.0102462 0.390609 0.991674 0.960898
0.00986697 0.0102915 0.388171 0.99103 0.962956
0.00972003 0.0102182 0.387198 0.989214 0.957576
0.00972079 0.0101658 0.391449 0.988219 0.94933
0.00978571 0.0101175 0.398251 0.98749 0.940718
0.00990528 0.0100773 0.407126 0.986821 0.933862
0.010024 0.0100742 0.417694 0.988749 0.940899
0.0101361 0.0100969 0.427978 0.98998 0.947493
0.0102354 0.0101505 0.436728 0.987878 0.943872
0.0103461 0.0101917 0.437386 0.990335 0.948869
0.0104356 0.0102258 0.434777 0.993207 0.954299
0.0104735 0.0102467 0.430153 0.994565 0.956278
0.0104925 0.0102091 0.430841 0.994 0.95053
0.0103328 0.0103057 0.397309 1.00046 0.989218
0.0103328 0.0103057 0.397309 1.00046 0.989218
0.0102438 0.0102012 0.384631 0.999371 0.980282
0.0101458 0.0101707 0.37766 0.999117 0.981213
0.0100409 0.0101848 0.373171 0.999348 0.987804
0.00999329 0.0101957 0.369377 0.998189 0.988327
0.00993059 0.0101849 0.364137 0.998282 0.991858
0.0100168 0.010149 0.36521 0.999379 0.995008
0.0101296 0.0100779 0.366551 0.9995 0.991194
0.0101817 0.00998062 0.365857 1.00015 0.990205
0.0101679 0.0098841 0.367001 1.00036 0.991233
0.0101856 0.00984998 0.372658 0.999279 0.986408
0.0102468 0.00984855 0.379958 0.997973 0.981162
0.0103238 0.0098482 0.389321 0.998137 0.979674
0.0103086 0.00991601 0.394844 0.99683 0.974266
0.0103792 0.00998611 0.400724 0.996356 0.96641
0.010342 0.0100578 0.402094 0.99548 0.962759
0.0102401 0.0101378 0.400445 0.994645 0.961913
0.0100488 0.0101757 0.395867 0.993861 0.964941
0.00989042 0.0101299 0.393477 0.992417 0.962112
0.00981408 0.010089 0.393453 0.991995 0.959281
0.00989485 0.0100433 0.400229 0.992165 0.952199
0.0100407 0.00995151 0.411105 0.993971 0.949431
0.0101658 0.00991731 0.420956 0.9946 0.948226
0.0102676 0.0100299 0.427751 0.99594 0.956427
0.0103157 0.0101549 0.433228 0.993492 0.954655
0.0103632 0.0102025 0.438086 0.99134 0.950779
0.010381 0.0102297 0.435472 0.99183 0.951462
0.0104735 0.0102467 0.430153 0.994565 0.956278
0.0104735 0.0102467 0.430153 0.994565 0.956278
0.0102438 0.0102012 0.384631 0.999371 0.980282
0.0101827 0.0102449 0.385913 0.999359 0.984161
0.0100994 0.0102704 0.384165 0.999691 0.989599
0.00998778 0.0102799 0.378656 0.999865 0.99656
0.00987174 0.0102712 0.371641 0.999758 1.00044
0.00981041 0.0102555 0.367624 1.00002 1.00223
0.00994354 0.0101948 0.370069 0.999902 0.996951
0.0100307 0.0101096 0.371112 1.00013 0.993398
0.0100586 0.010018 0.371515 1.00012 0.99155
0.0100206 0.00992105 0.373114 1.00027 0.993828
0.0100814 0.00988565 0.380451 0.999918 0.99221
0.0101809 0.00989592 0.389762 0.999032 0.987168
0.0102518 0.00989362 0.398949 0.999577 0.986693
0.0103978 0.00992716 0.406024 0.99909 0.976636
0.0104798 0.00997477 0.410271 0.998507 0.967515
0.0104033 0.0100491 0.408913 0.997478 0.964797
0.0102366 0.0100786 0.404593 0.996424 0.965756
0.0100536 0.0100708 0.399139 0.994966 0.965258
0.00991717 0.0100346 0.396579 0.994214 0.96386
0.00997682 0.0100174 0.401657 0.99545 0.963305
0.0100984 0.00995431 0.410307 0.996694 0.95878
0.0102717 0.00985258 0.422369 0.999132 0.957509
0.0103647 0.00994229 0.427876 0.999257 0.9579
0.0104432 0.0100919 0.432861 0.998934 0.961954
0.0104781 0.0102044 0.43843 0.995667 0.957851
0.0104244 0.0102238 0.43546 0.993793 0.95404
0.010381 0.0102297 0.435472 0.99183 0.951462
0.0101827 0.0102449 0.385913 0.999359 0.984161
0.0100616 0.0103078 0.384608 0.999527 0.993714
0.0100616 0.0103078 0.384608 0.999527 0.993714
0.0099594 0.0103177 0.380025 0.999662 0.999131
0.00995162 0.0103279 0.379936 1.00007 0.99968
0.00994512 0.0102958 0.379085 1.00096 1.00082
0.00999801 0.0102315 0.379151 1.00146 0.999078
0.0100258 0.0101472 0.378796 1.00087 0.995395
0.0100222 0.0100575 0.380731 1.00066 0.995199
0.0100352 0.00997404 0.38519 1.00076 0.996311
0.0100777 0.00991693 0.392853 1.00152 0.999444
0.0102088 0.00994587 0.401568 1.00071 0.992111
0.0103833 0.00998641 0.409456 0.999736 0.981153
0.0105193 0.00997274 0.416251 1.00018 0.974646
0.0105072 0.0100116 0.41585 0.999625 0.969572
0.0104104 0.0100545 0.413026 0.998827 0.96793
0.0102163 0.0100445 0.405578 0.996473 0.965137
0.0100868 0.0100349 0.402194 0.9957 0.96512
0.01005 0.0100426 0.402857 0.996539 0.9683
0.0101596 0.0100435 0.40975 0.999119 0.972075
0.0102982 0.0100017 0.418553 0.999822 0.966645
0.0104062 0.0100082 0.425178 0.999189 0.959006
0.0104698 0.0100461 0.430758 0.998892 0.955666
0.0104868 0.0101373 0.433147 0.997076 0.954384
0.0104868 0.0101373 0.433147 0.997076 0.954384
0.0104244 0.0102238 0.43546 0.993793 0.95404
0.0100616 0.0103078 0.384608 0.999527 0.993714
0.0100616 0.0103078 0.384608 0.999527 0.993714
0.00995162 0.0103279 0.379936 1.00007 0.99968
0.01009 0.0103626 0.390317 1.00055 0.996558
0.0100857 0.0103334 0.389572 1.00138 0.997481
0.0100636 0.0102821 0.388068 1.00164 0.997966
0.0100885 0.0102006 0.388911 1.00108 0.995026
0.0101045 0.0101235 0.393386 1.00058 0.993855
0.0101342 0.0100566 0.40018 1.00109 0.996341
0.0101784 0.010031 0.403781 1.00105 0.995066
0.0103402 0.0100628 0.411132 1.00008 0.985102
0.0104879 0.0100612 0.418228 1.00015 0.977555
0.0105594 0.01005 0.420172 0.999725 0.970132
0.0105038 0.0100734 0.417543 0.999262 0.967374
0.010347 0.0100809 0.411264 0.997254 0.963983
0.0102669 0.010086 0.408526 0.996659 0.964535
0.010179 0.0101249 0.406957 0.996766 0.969373
0.0101919 0.0101338 0.408633 0.998134 0.973754
0.0103126 0.0101425 0.415697 0.999954 0.974825
0.0104182 0.0101494 0.42219 0.99937 0.967379
0.0104062 0.0100082 0.425178 0.999189 0.959006
0.0104868 0.0101373 0.433147 0.997076 0.954384
0.0104868 0.0101373 0.433147 0.997076 0.954384
0.0099594 0.0103177 0.380025 0.999662 0.999131
0.01009 0.0103626 0.390317 1.00055 0.996558
0.010206 0.0103625 0.398208 1.00137 0.993591
0.010206 0.0103625 0.398208 1.00137 0.993591
0.0101856 0.0103295 0.397958 1.00146 0.994207
0.0101856 0.0103295 0.397958 1.00146 0.994207
0.0102541 0.0102238 0.409089 0.999305 0.987187
0.0102541 0.0102238 0.409089 0.999305 0.987187
0.010329 0.0101794 0.413326 0.999667 0.985177
0.0104427 0.0101591 0.418752 0.999677 0.979641
0.0105343 0.0101504 0.420074 0.998632 0.968915
0.0105288 0.0101417 0.419044 0.998292 0.964863
0.0104733 0.0101431 0.416624 0.997876 0.962998
0.0104733 0.0101431 0.416624 0.997876 0.962998
0.0103057 0.0102901 0.412649 0.997781 0.976901
0.0103057 0.0102901 0.412649 0.997781 0.976901
0.0103195 0.0102629 0.413623 0.999186 0.979446
0.0103195 0.0102629 0.413623 0.999186 0.979446
0.0104182 0.0101494 0.42219 0.99937 0.967379
0.0104698 0.0100461 0.430758 0.998892 0.955666
0.010206 0.0103625 0.398208 1.00137 0.993591
0.0101856 0.0103295 0.397958 1.00146 0.994207
0.0101856 0.0103295 0.397958 1.00146 0.994207
0.0101856 0.0103295 0.397958 1.00146 0.994207
0.0102541 0.0102238 0.409089 0.999305 0.987187
0.0102541 0.0102238 0.409089 0.999305 0.987187
0.010329 0.0101794 0.413326 0.999667 0.985177
0.0105343 0.0101504 0.420074 0.998632 0.968915
0.0105288 0.0101417 0.419044 0.998292 0.964863
0.0104733 0.0101431 0.416624 0.997876 0.962998
0.0104733 0.0101431 0.416624 0.997876 0.962998
0.0103057 0.0102901 0.412649 0.997781 0.976901
0.0103057 0.0102901 0.412649 0.997781 0.976901
0.0103057 0.0102901 0.412649 0.997781 0.976901
0.0103195 0.0102629 0.413623 0.999186 0.979446
0.0102541 0.0102238 0.409089 0.999305 0.987187
0.0102541 0.0102238 0.409089 0.999305 0.987187
0.010329 0.0101794 0.413326 0.999667 0.985177
0.0104427 0.0101591 0.418752 0.999677 0.979641
0.0105343 0.0101504 0.420074 0.998632 0.968915
0.0105288 0.0101417 0.419044 0.998292 0.964863
0.0104733 0.0101431 0.416624 0.997876 0.962998
0.0104733 0.0101431 0.416624 0.997876 0.962998
